Sample ID	Depth top [m] (Foram sample depths)	Depth bot [m] (Foram sample depths)	Depth sed [m]	Age dated [ka]	B. digitata [#] (Counting)	B. praeadamsi [#] (Counting)	D. conglomerata [#] (Counting)	D. pseudofoliata [#] (Counting)	G. bulloides [#] (Counting)	G. bulloides [#] (Counting)	G. clarkei [#] (Counting)	G. falconensis [#] (Counting)	G. quinqueloba [#] (Counting)	G. umbilicata [#] (Counting)	G. aequilateralis [#] (Counting)	G. calida [#] (Counting)	G. obesa [#] (Counting)	G. praecalida [#] (Counting)	G. glutinata [#] (Counting)	G. uvula [#] (Counting)	G. elongatus [#] (Counting)	G. ruber w [#] (Counting)	G. sacculifer [#] (Counting)	G. crassaformis [#] (Counting)	G. crassula [#] (Counting)	G. hirsuta [#] (Counting)	G. inflata d [#] (Counting)	G. inflata s [#] (Counting)	G. scitula [#] (Counting)	G. truncatulinoides [#] (Counting)	G. hexagona [#] (Counting)	G. rubescens white [#] (Counting)	G. tenella [#] (Counting)	N. dutertrei [#] (Counting)	N. pachyderma d [#] (Counting)	N. pachyderma s [#] (Counting)	O. universa [#] (Counting)	P. obliquiloculata [#] (Counting)	T. iota [#] (Counting)	Foram [#] (Counting)	G. bulloides [%] (Calculated)	G. inflata s [%] (Calculated)	G. truncatulinoides [%] (Calculated)	N. pachyderma d [%] (Calculated)	N. pachyderma s [%] (Calculated)	G. glutinata [%] (Calculated)
FR1-94-GC3,   0-1	0.00	0.01	0.005	5.00	0	0	0	0	80	0	0	4	5	1	1	0	0	2	15	0	0	1	0	1	0	1	0	104	1	28	0	1	0	1	90	17	2	0	0	355	22.53521127	14.929577460	7.887323944	25.352112680	4.788732394	4.225352113
FR1-94-GC3,   5-6	0.05	0.06	0.055	6.98	0	0	0	0	80	0	0	1	12	1	1	0	3	1	26	0	1	1	1	0	0	2	1	89	1	16	0	1	0	1	93	13	2	0	0	347	23.05475504	9.798270893	4.610951009	26.801152740	3.746397695	7.492795389
FR1-94-GC3,  10-11	0.10	0.11	0.105	8.88	0	0	0	0	133	0	1	5	10	0	1	0	4	2	32	0	0	3	1	4	0	1	0	83	5	26	0	1	0	1	105	22	1	0	0	441	30.15873016	9.297052154	5.895691610	23.809523810	4.988662132	7.256235828
FR1-94-GC3,  15-16	0.15	0.15	0.150	10.76	0	0	0	0	74	0	0	3	24	0	1	0	1	3	35	0	0	2	0	1	0	1	0	57	2	23	0	3	1	4	95	22	2	0	0	354	20.90395480	17.796610170	6.497175141	26.836158190	6.214689266	9.887005650
FR1-94-GC3,  20-21	0.20	0.21	0.205	12.58	0	0	0	0	104	0	0	2	22	1	1	0	1	2	13	1	0	1	1	0	0	1	1	56	2	10	0	1	0	2	124	28	2	0	0	376	27.65957447	14.893617020	2.659574468	32.978723400	7.446808511	3.457446809
FR1-94-GC3,  25-26	0.25	0.26	0.255	14.48	1	0	0	0	103	0	0	1	14	1	1	0	2	0	28	0	0	1	1	0	0	0	0	39	0	13	0	0	1	1	89	24	1	0	0	321	32.08722741	21.183800620	4.049844237	27.725856700	7.476635514	8.722741433
FR1-94-GC3,  30-31	0.30	0.31	0.305	16.46	1	0	0	0	133	0	0	1	38	1	1	0	1	0	36	0	0	1	1	0	0	1	0	39	3	10	0	0	0	1	91	52	1	0	0	412	32.28155340	15.291262140	2.427184466	22.087378640	12.621359220	8.737864078
FR1-94-GC3,  35-36	0.35	0.36	0.355	18.30	0	0	0	0	193	0	0	0	29	1	0	0	1	0	60	0	0	0	0	0	0	0	0	23	2	6	0	0	0	1	80	26	1	0	0	423	45.62647754	12.765957450	1.418439716	18.912529550	6.146572104	14.184397160
FR1-94-GC3,  40-41	0.40	0.41	0.405	24.80	1	0	0	0	184	0	0	0	21	1	0	0	1	0	42	0	0	0	0	0	0	0	0	38	1	13	0	0	0	1	65	14	1	0	0	383	48.04177546	8.093994778	3.394255875	16.971279370	3.655352480	10.966057440
FR1-94-GC3,  45-46	0.45	0.46	0.455	31.32	1	0	0	0	137	0	0	1	12	1	0	0	1	0	29	0	0	2	0	0	0	0	1	42	1	10	0	0	0	0	96	24	1	0	0	359	38.16155989	15.598885790	2.785515320	26.740947080	6.685236769	8.077994429
FR1-94-GC3,  50-51	0.50	0.51	0.505	37.92	0	0	0	0	159	0	0	0	10	1	0	0	1	0	25	0	0	0	0	0	0	0	0	50	1	12	0	1	0	1	97	19	1	0	0	378	42.06349206	8.730158730	3.174603175	25.661375660	5.026455026	6.613756614
FR1-94-GC3,  55-56	0.55	0.56	0.555	44.40	1	0	0	0	102	0	0	0	14	1	0	0	0	1	27	1	0	1	0	0	0	0	0	27	1	15	0	0	0	5	86	35	1	0	0	318	32.07547170	15.408805030	4.716981132	27.044025160	11.006289310	8.490566038
FR1-94-GC3,  60-61	0.60	0.61	0.605	50.90	1	0	0	0	119	0	0	2	14	1	1	0	1	1	10	0	0	2	1	1	0	1	0	42	2	9	0	1	0	2	72	28	1	0	0	312	38.14102564	16.025641030	2.884615385	23.076923080	8.974358974	3.205128205
FR1-94-GC3,  65-66	0.65	0.66	0.655	57.66	1	0	0	0	174	0	0	0	16	0	0	0	0	0	29	0	0	0	0	0	0	0	0	42	1	13	0	0	0	2	117	46	1	0	0	442	39.36651584	11.538461540	2.941176471	26.470588240	10.407239820	6.561085973
FR1-94-GC3,  71-72	0.71	0.72	0.715	65.12	1	0	0	0	146	0	0	0	13	1	0	0	1	0	23	0	0	1	0	0	0	0	0	38	1	12	0	0	0	1	101	19	1	0	0	359	40.66852368	12.256267410	3.342618384	28.133704740	5.292479109	6.406685237
FR1-94-GC3,  75-76	0.75	0.76	0.755	71.62	1	0	0	0	157	0	0	0	8	0	0	0	1	0	27	0	0	0	0	0	0	0	0	40	2	11	0	0	0	3	148	11	1	0	0	410	38.29268293	7.804878049	2.682926829	36.097560980	2.682926829	6.585365854
FR1-94-GC3,  80-81	0.80	0.81	0.805	79.54	1	0	0	0	120	0	0	0	5	1	1	0	3	1	29	0	0	0	0	0	0	0	0	35	1	14	0	1	0	8	175	15	1	0	0	411	29.19708029	8.029197080	3.406326034	42.579075430	3.649635036	7.055961071
FR1-94-GC3,  85-86	0.85	0.86	0.855	84.20	0	0	0	0	129	0	0	0	8	1	1	0	1	1	21	0	0	2	0	0	0	0	0	45	2	15	0	1	0	6	76	13	1	0	0	323	39.93808050	11.764705880	4.643962848	23.529411760	4.024767802	6.501547988
FR1-94-GC3,  90-91	0.90	0.91	0.905	88.72	2	0	0	0	130	0	0	1	7	1	0	0	0	0	27	0	0	1	0	0	0	0	0	55	2	10	0	0	1	1	81	24	1	0	0	344	37.79069767	9.302325581	2.906976744	23.546511630	6.976744186	7.848837209
FR1-94-GC3,  95-96	0.95	0.96	0.955	93.30	1	0	0	0	134	0	0	1	8	1	0	0	2	0	20	0	1	1	0	0	0	1	0	64	1	25	0	0	0	7	131	18	1	0	0	417	32.13429257	11.750599520	5.995203837	31.414868110	4.316546763	4.796163070
FR1-94-GC3, 100-101	1.00	1.01	1.005	97.80	0	0	0	0	124	0	0	4	7	1	1	0	1	1	24	0	0	3	0	0	0	1	0	53	2	17	0	0	0	6	148	31	4	0	0	428	28.97196262	12.616822430	3.971962617	34.579439250	7.242990654	5.607476636
FR1-94-GC3, 105-106	1.05	1.06	1.055	102.32	0	0	0	0	100	0	0	5	12	0	0	0	0	4	34	1	1	3	0	0	0	0	0	34	1	7	0	1	0	5	194	48	1	0	0	451	22.17294900	11.529933480	1.552106430	43.015521060	10.643015520	7.538802661
FR1-94-GC3, 110-111	1.10	1.11	1.105	106.92	0	0	0	0	115	0	0	3	10	1	0	0	0	5	22	0	2	1	0	0	0	0	0	41	2	10	0	0	0	1	140	22	1	0	0	376	30.58510638	8.776595745	2.659574468	37.234042550	5.851063830	5.851063830
FR1-94-GC3, 115-116	1.15	1.16	1.155	111.40	0	0	0	0	114	0	0	3	11	1	1	0	0	1	19	0	1	1	0	0	0	1	0	63	1	25	0	9	0	6	119	9	2	0	1	388	29.38144330	6.443298969	6.443298969	30.670103090	2.319587629	4.896907216
FR1-94-GC3, 120-121	1.20	1.21	1.205	115.92	1	0	0	0	92	0	0	6	15	1	1	0	0	8	26	0	1	2	0	0	0	1	0	56	2	33	0	4	0	5	140	6	4	0	1	405	22.71604938	11.851851850	8.148148148	34.567901230	1.481481481	6.419753086
FR1-94-GC3, 125-126	1.25	1.26	1.255	120.78	1	0	0	0	102	0	0	4	10	1	1	0	0	1	29	0	1	1	0	0	0	1	0	68	3	21	0	2	0	5	130	13	2	0	0	396	25.75757576	14.141414140	5.303030303	32.828282830	3.282828283	7.323232323
FR1-94-GC3, 130-131	1.30	1.31	1.305	125.50	1	0	0	0	95	0	0	4	6	0	1	1	0	3	29	0	0	4	0	1	0	1	1	63	3	24	0	8	1	4	140	16	5	0	1	412	23.05825243	14.320388350	5.825242718	33.980582520	3.883495146	7.038834951
FR1-94-GC3, 135-136	1.35	1.36	1.355	128.10	1	0	0	0	131	0	0	0	7	1	1	0	0	4	40	0	1	2	0	1	0	1	0	54	6	21	0	2	0	2	118	22	8	0	3	426	30.75117371	10.798122070	4.929577465	27.699530520	5.164319249	9.389671362
FR1-94-GC3, 140-141	1.40	1.41	1.405	130.70	1	0	0	0	89	0	0	2	19	1	1	0	1	1	32	1	0	2	1	1	0	0	0	31	2	14	0	1	1	2	99	39	2	0	0	343	25.94752187	18.075801750	4.081632653	28.862973760	11.370262390	9.329446064
FR1-94-GC3, 145-146	1.45	1.46	1.455	133.30	0	0	0	0	133	0	0	1	17	1	0	0	2	0	43	0	0	0	0	0	0	0	0	56	6	16	0	1	0	3	69	63	1	0	0	412	32.28155340	15.291262140	3.883495146	16.747572820	15.291262140	10.436893200
FR1-94-GC3, 150-151	1.50	1.51	1.505	136.90	1	0	0	0	143	0	0	1	22	1	0	0	0	0	36	0	0	0	0	1	0	0	0	33	0	13	0	0	0	1	62	80	1	0	1	396	36.11111111	11.363636360	3.282828283	15.656565660	20.202020200	9.090909091
FR1-94-GC3, 155-156	1.55	1.56	1.555	143.30	0	0	0	0	164	0	0	2	30	1	0	0	2	1	29	0	0	0	0	0	0	0	0	49	2	14	0	1	0	1	81	49	1	0	0	427	38.40749415	7.259953162	3.278688525	18.969555040	11.475409840	6.791569087
FR1-94-GC3, 160-161	1.60	1.61	1.605	151.32	0	0	0	0	167	0	2	2	6	1	0	0	0	0	23	0	0	0	0	0	0	0	1	50	2	11	0	0	0	0	90	37	1	0	2	395	42.27848101	10.379746840	2.784810127	22.784810130	9.367088608	5.822784810
FR1-94-GC3, 165-166	1.65	1.66	1.655	159.40	0	0	0	0	157	0	0	2	13	1	0	0	0	0	41	0	0	0	0	0	0	0	0	51	1	15	0	0	0	0	104	23	1	0	1	410	38.29268293	7.804878049	3.658536585	25.365853660	5.609756098	10.000000000
FR1-94-GC3, 168-169	1.68	1.69	1.685	165.80	1	0	0	0	139	1	1	6	17	1	0	0	1	2	29	0	0	0	0	0	0	0	0	44	2	10	0	0	0	0	81	21	1	0	0	357	38.93557423	10.084033610	2.801120448	22.689075630	5.882352941	8.123249300
FR1-94-GC3, 172-173	1.72	1.73	1.725	170.60	0	0	0	0	111	0	0	2	15	1	0	0	0	0	32	0	0	0	0	0	0	0	0	32	1	7	0	2	0	0	58	42	1	0	0	304	36.51315789	12.828947370	2.302631579	19.078947370	13.815789470	10.526315790
FR1-94-GC3, 175-176	1.75	1.76	1.755	175.40	1	0	0	0	146	0	0	2	19	1	0	0	0	1	34	0	0	0	0	0	0	0	0	33	1	9	0	0	0	0	77	27	1	0	0	352	41.47727273	10.511363640	2.556818182	21.875000000	7.670454545	9.659090909
FR1-94-GC3, 180-181	1.80	1.81	1.805	182.64	2	0	0	0	173	0	0	1	14	2	0	0	1	0	28	0	0	0	0	0	0	0	0	38	3	11	0	0	0	0	64	46	0	0	0	383	45.16971279	11.749347260	2.872062663	16.710182770	12.010443860	7.310704961
FR1-94-GC3, 185-186	1.85	1.86	1.855	186.66	0	2	0	0	178	0	0	5	2	1	0	0	1	0	18	0	0	1	2	3	0	0	0	32	2	12	0	0	0	0	91	21	1	0	0	372	47.84946237	20.161290320	3.225806452	24.462365590	5.645161290	4.838709677
FR1-94-GC3, 190-191	1.90	1.91	1.905	189.94	1	0	0	0	160	0	0	2	1	1	0	0	0	1	13	0	2	1	0	0	0	0	0	49	1	8	0	0	0	0	61	27	1	0	0	329	48.63221884	24.316109420	2.431610942	18.541033430	8.206686930	3.951367781
FR1-94-GC3, 195-196	1.95	1.96	1.955	193.22	1	0	0	0	151	0	0	2	9	1	0	0	0	1	28	0	0	0	0	3	0	0	0	54	1	6	0	0	0	0	145	46	1	1	0	450	33.55555556	12.888888890	1.333333333	32.222222220	10.222222220	6.222222222
FR1-94-GC3, 200-201	2.00	2.01	2.005	196.84	0	0	0	0	149	0	0	2	8	1	0	0	1	12	14	0	0	1	0	1	0	0	0	52	1	9	0	1	0	2	110	24	2	0	2	392	38.01020408	9.183673469	2.295918367	28.061224490	6.122448980	3.571428571
FR1-94-GC3, 205-206	2.05	2.06	2.055	201.16	0	0	0	0	169	0	0	2	9	0	0	0	0	0	19	0	0	0	0	2	0	0	0	33	1	8	0	0	0	3	96	37	1	0	2	382	44.24083770	19.371727750	2.094240838	25.130890050	9.685863874	4.973821990
FR1-94-GC3, 210-211	2.10	2.11	2.105	208.08	0	0	0	0	97	0	0	7	12	1	0	0	0	2	11	0	0	0	0	1	0	0	0	25	0	1	0	0	0	3	119	34	1	0	0	314	30.89171975	16.242038220	0.318471338	37.898089170	10.828025480	3.503184713
FR1-94-GC3, 215-216	2.15	2.16	2.155	215.08	0	0	0	0	122	0	0	4	15	1	0	0	0	10	31	0	2	6	0	1	0	0	0	48	2	16	0	2	1	3	212	19	1	0	0	496	24.59677419	10.483870970	3.225806452	42.741935480	3.830645161	6.250000000
FR1-94-GC3, 220-221	2.20	2.21	2.205	220.36	1	0	0	0	127	0	0	4	10	0	0	0	0	4	6	0	0	0	0	0	0	0	0	56	1	10	0	1	0	3	118	28	2	0	0	371	34.23180593	12.398921830	2.695417790	31.805929920	7.547169811	1.617250674
FR1-94-GC3, 225-226	2.25	2.26	2.255	225.60	0	0	0	0	108	0	0	2	9	1	0	0	0	2	12	0	0	1	0	1	0	0	0	59	0	8	0	0	0	4	109	45	1	0	0	362	29.83425414	23.204419890	2.209944751	30.110497240	12.430939230	3.314917127
FR1-94-GC3, 230-231	2.30	2.31	2.305	232.70	0	0	0	0	117	0	0	3	17	1	0	0	2	6	15	1	0	1	0	0	0	0	0	46	2	17	0	1	0	3	90	16	1	0	1	340	34.41176471	21.176470590	5.000000000	26.470588240	4.705882353	4.411764706
FR1-94-GC3, 235-236	2.35	2.36	2.355	239.60	3	0	0	0	152	0	1	10	18	1	2	0	0	13	46	1	1	6	1	2	0	0	0	62	1	19	0	0	0	4	113	18	3	0	1	478	31.79916318	8.368200837	3.974895397	23.640167360	3.765690377	9.623430962
FR1-94-GC3, 240-241	2.40	2.41	2.405	243.94	0	0	0	0	175	0	0	1	10	0	0	0	1	5	24	0	0	4	0	1	0	0	0	63	0	11	0	3	0	0	115	25	1	0	1	440	39.77272727	11.363636360	2.500000000	26.136363640	5.681818182	5.454545455
FR1-94-GC3, 245-246	2.45	2.46	2.455	247.68	0	0	0	0	215	0	0	4	8	0	1	0	0	1	47	0	0	0	0	0	0	0	0	45	2	10	0	1	0	0	76	34	1	0	0	445	48.31460674	6.966292135	2.247191011	17.078651690	7.640449438	10.561797750
FR1-94-GC3, 250-251	2.50	2.51	2.505	251.60	0	0	0	0	171	0	0	1	6	1	0	0	0	1	23	0	0	0	0	0	0	0	0	31	0	1	0	0	0	2	85	34	1	0	0	357	47.89915966	9.803921569	0.280112045	23.809523810	9.523809524	6.442577031
FR1-94-GC3, 255-256	2.55	2.56	2.555	256.38	1	0	0	0	184	0	0	3	3	1	0	0	0	0	19	0	1	0	0	0	0	0	0	41	1	3	0	0	0	1	75	36	1	0	0	370	49.72972973	10.540540540	0.810810811	20.270270270	9.729729730	5.135135135
FR1-94-GC3, 262-263	2.62	2.63	2.625	259.54	2	0	0	0	120	0	0	2	8	1	1	0	0	2	15	0	0	1	0	0	0	0	0	32	1	4	0	4	0	4	90	43	1	0	0	331	36.25377644	20.543806650	1.208459215	27.190332330	12.990936560	4.531722054
FR1-94-GC3, 265-266	2.65	2.66	2.655	263.90	0	0	0	0	178	0	1	6	4	1	0	0	0	4	12	0	0	0	0	0	0	0	0	36	2	3	0	0	0	2	98	47	1	0	0	395	45.06329114	11.392405060	0.759493671	24.810126580	11.898734180	3.037974684
FR1-94-GC3, 270-271	2.70	2.71	2.705	267.90	3	0	0	0	169	0	0	1	5	1	0	0	0	2	13	0	0	0	0	0	0	0	0	39	0	2	0	0	1	0	105	55	1	0	0	397	42.56926952	12.090680100	0.503778338	26.448362720	13.853904280	3.274559194
FR1-94-GC3, 275-276	2.75	2.76	2.755	274.00	2	0	0	0	174	0	1	2	2	1	0	0	0	3	21	0	0	0	0	0	0	0	0	37	0	1	0	1	0	0	84	29	1	0	0	359	48.46796657	16.713091920	0.278551532	23.398328690	8.077994429	5.849582173
FR1-94-GC3, 280-281	2.80	2.81	2.805	280.50	0	0	0	0	134	0	0	1	3	1	0	0	0	1	19	0	1	1	0	0	0	0	0	45	0	4	0	0	0	0	166	7	2	0	0	385	34.80519481	3.636363636	1.038961039	43.116883120	1.818181818	4.935064935
FR1-94-GC3, 285-286	2.85	2.86	2.855	286.60	6	0	0	0	127	0	0	8	2	1	0	0	0	4	20	0	0	0	0	0	0	0	0	75	2	0	0	1	0	4	136	12	1	0	0	399	31.82957393	6.766917293	0.000000000	34.085213030	3.007518797	5.012531328
FR1-94-GC3, 290-291	2.90	2.91	2.905	291.00	0	0	0	0	145	0	3	1	4	1	0	0	0	1	36	0	0	0	0	0	0	0	0	80	2	7	0	1	0	4	125	16	1	0	0	427	33.95784543	6.557377049	1.639344262	29.274004680	3.747072600	8.430913349
FR1-94-GC3, 295-296	2.95	2.96	2.955	295.00	1	0	0	0	132	0	2	1	10	1	0	0	0	3	27	0	0	1	0	0	0	0	1	58	5	4	0	1	0	2	122	50	1	0	0	422	31.27962085	6.398104265	0.947867299	28.909952610	11.848341230	6.398104265
FR1-94-GC3, 300-301	3.00	3.01	3.005	299.00	0	0	0	1	121	0	0	1	7	1	0	0	0	1	23	0	0	1	0	0	0	0	0	36	1	6	0	0	0	1	137	28	1	0	0	366	33.06010929	8.743169399	1.639344262	37.431693990	7.650273224	6.284153005
FR1-94-GC3, 305-306	3.05	3.06	3.055	303.00	3	0	0	0	123	0	1	3	6	1	0	0	0	4	20	0	0	0	0	0	0	0	0	74	3	13	0	1	0	8	215	17	1	0	0	493	24.94929006	6.288032454	2.636916836	43.610547670	3.448275862	4.056795132
FR1-94-GC3, 310-311	3.10	3.11	3.105	307.00	0	0	0	0	82	0	0	1	0	1	0	0	0	6	18	0	0	0	0	0	0	0	0	51	1	14	0	1	0	8	172	6	1	0	0	362	22.65193370	9.668508287	3.867403315	47.513812150	1.657458564	4.972375691
FR1-94-GC3, 315-316	3.15	3.16	3.155	311.46	1	0	0	0	46	0	0	4	5	0	0	0	0	4	26	0	0	0	0	1	0	0	0	52	1	8	0	0	0	4	200	9	1	0	0	362	12.70718232	11.602209940	2.209944751	55.248618780	2.486187845	7.182320442
FR1-94-GC3, 320-321	3.20	3.21	3.205	317.64	0	0	0	0	91	0	0	3	5	1	0	0	0	6	34	0	1	2	0	2	0	0	0	46	0	17	0	1	0	3	145	17	5	0	0	379	24.01055409	14.511873350	4.485488127	38.258575200	4.485488127	8.970976253
FR1-94-GC3, 325-326	3.25	3.26	3.255	324.34	1	0	0	1	123	0	1	6	8	1	0	0	0	8	22	0	0	4	0	1	0	0	0	84	2	8	1	4	0	5	40	172	1	0	0	493	24.94929006	13.387423940	1.622718053	8.113590264	34.888438130	4.462474645
FR1-94-GC3, 330-331	3.30	3.31	3.305	331.24	1	0	0	0	87	0	0	6	1	0	1	0	0	9	28	0	0	2	0	1	0	1	0	72	2	13	0	6	1	3	128	28	3	0	0	393	22.13740458	32.315521630	3.307888041	32.569974550	7.124681934	7.124681934
FR1-94-GC3, 335-336	3.35	3.36	3.355	338.24	1	0	0	0	76	0	0	6	9	1	0	0	0	6	46	0	2	1	0	1	0	0	0	40	3	7	0	6	0	2	126	30	4	1	1	369	20.59620596	19.512195120	1.897018970	34.146341460	8.130081301	12.466124660
FR1-94-GC3, 340-341	3.40	3.41	3.405	342.10	0	0	0	0	100	0	1	4	16	1	1	0	0	4	52	0	0	1	0	1	0	0	0	50	4	6	0	2	0	5	178	61	5	0	0	492	20.32520325	16.666666670	1.219512195	36.178861790	12.398373980	10.569105690
FR1-94-GC3, 346-347	3.46	3.47	3.465	346.38	4	0	0	0	117	0	2	1	6	1	0	0	0	5	30	0	0	0	0	6	0	0	0	31	1	2	0	0	0	0	81	62	1	0	0	350	33.42857143	21.714285710	0.571428571	23.142857140	17.714285710	8.571428571
FR1-94-GC3, 350-351	3.50	3.51	3.505	348.54	1	0	0	0	134	0	0	4	10	1	1	0	0	2	46	0	0	0	0	5	0	0	0	35	2	1	0	6	0	0	109	69	1	0	0	427	31.38173302	11.475409840	0.234192037	25.526932080	16.159250590	10.772833720
FR1-94-GC3, 355-356	3.55	3.56	3.555	351.74	0	0	0	0	144	0	0	1	5	1	1	0	0	2	32	0	0	0	0	3	0	0	0	39	3	7	0	1	0	3	82	50	1	0	0	375	38.40000000	10.133333330	1.866666667	21.866666670	13.333333330	8.533333333
FR1-94-GC3, 360-361	3.60	3.61	3.605	354.94	0	0	0	0	180	0	0	1	1	1	0	0	0	1	25	0	0	0	0	2	0	0	0	68	1	12	0	1	1	1	83	45	1	0	0	424	42.45283019	7.783018868	2.830188679	19.575471700	10.613207550	5.896226415
FR1-94-GC3, 365-366	3.65	3.66	3.655	358.14	0	0	0	0	140	0	0	0	2	1	0	0	0	2	29	1	0	0	0	9	0	0	0	45	1	6	0	2	0	0	89	56	1	0	0	384	36.45833333	8.854166667	1.562500000	23.177083330	14.583333330	7.552083333
FR1-94-GC3, 370-371	3.70	3.71	3.705	361.34	1	0	0	0	142	0	0	2	9	1	0	0	0	1	40	0	0	0	0	3	0	0	0	48	2	7	1	3	0	0	78	93	1	0	0	432	32.87037037	7.870370370	1.620370370	18.055555560	21.527777780	9.259259259
FR1-94-GC3, 373-374	3.73	3.74	3.735	363.14	0	0	0	0	211	0	1	2	7	1	1	0	0	0	40	0	0	0	0	10	1	0	0	60	1	11	0	0	0	2	101	87	1	0	0	537	39.29236499	10.614525140	2.048417132	18.808193670	16.201117320	7.448789572
FR1-94-GC3, 377-378	3.77	3.78	3.775	365.82	0	0	0	0	115	0	0	0	7	1	1	0	0	2	35	0	0	0	0	6	0	0	0	14	1	4	0	3	0	0	50	80	1	0	0	320	35.93750000	0.000000000	1.250000000	15.625000000	25.000000000	10.937500000
FR1-94-GC3, 380-381	3.80	3.81	3.805	367.74	0	0	0	0	135	0	0	1	9	1	0	0	0	0	20	0	0	0	0	8	0	0	0	27	3	7	0	2	0	0	57	71	1	0	0	342	39.47368421	0.000000000	2.046783626	16.666666670	20.760233920	5.847953216
FR1-94-GC3, 385-386	3.85	3.86	3.855	370.94	0	0	0	0	153	0	0	1	12	1	0	0	0	0	42	0	0	0	0	10	0	0	0	28	3	6	0	1	0	0	107	69	1	0	0	434	35.25345622	0.000000000	1.382488479	24.654377880	15.898617510	9.677419355
FR1-94-GC3, 390-391	3.90	3.91	3.905	374.12	1	0	0	0	135	0	1	0	12	0	0	0	0	1	29	1	0	1	0	11	0	0	0	27	2	7	0	2	0	1	82	63	1	0	0	377	35.80901857	0.000000000	1.856763926	21.750663130	16.710875330	7.692307692
FR1-94-GC3, 395-396	3.95	3.96	3.955	377.24	1	0	0	0	132	0	0	0	12	1	0	0	0	0	31	2	0	1	0	4	0	0	0	32	1	4	0	0	0	2	75	62	1	0	0	361	36.56509695	0.000000000	1.108033241	20.775623270	17.174515240	8.587257618
FR1-94-GC3, 400-401	4.00	4.01	4.005	380.44	0	0	0	0	185	0	0	2	10	1	0	0	0	4	19	0	0	0	0	9	0	0	0	31	1	10	0	1	0	2	58	33	1	0	1	368	50.27173913	0.000000000	2.717391304	15.760869570	8.967391304	5.163043478
FR1-94-GC3, 405-406	4.05	4.06	4.055	383.64	0	0	0	0	146	0	0	0	7	0	0	0	1	0	22	0	0	0	0	9	1	0	0	35	1	6	0	1	0	0	44	34	1	0	0	308	47.40259740	0.000000000	1.948051948	14.285714290	11.038961040	7.142857143
FR1-94-GC3, 410-411	4.10	4.11	4.105	386.84	0	0	0	0	161	0	0	1	13	1	0	0	0	2	40	0	0	0	0	8	0	0	0	42	5	15	0	0	0	6	77	58	1	0	0	430	37.44186047	0.000000000	3.488372093	17.906976740	13.488372090	9.302325581
FR1-94-GC3, 415-416	4.15	4.16	4.155	390.04	1	0	0	0	159	0	0	2	6	1	0	0	0	1	30	0	0	0	0	12	0	0	0	55	2	7	0	1	0	4	49	24	1	0	0	355	44.78873239	0.000000000	1.971830986	13.802816900	6.760563380	8.450704225
FR1-94-GC3, 420-421	4.20	4.21	4.205	393.24	1	0	0	0	169	0	0	0	3	1	1	0	0	1	40	0	0	0	0	9	0	0	0	66	1	22	0	0	0	4	67	29	1	0	0	415	40.72289157	0.000000000	5.301204819	16.144578310	6.987951807	9.638554217
FR1-94-GC3, 425-426	4.25	4.26	4.255	396.44	0	0	0	0	127	0	0	7	10	1	1	0	0	3	34	0	0	0	0	0	0	1	0	127	1	32	0	1	0	1	103	28	3	0	0	480	26.45833333	0.000000000	6.666666667	21.458333330	5.833333333	7.083333333
FR1-94-GC3, 430-431	4.30	4.31	4.305	399.64	0	0	0	0	106	0	0	4	10	0	1	0	0	10	14	1	0	1	0	0	0	1	0	72	3	21	0	1	0	1	94	8	2	0	0	350	30.28571429	0.000000000	6.000000000	26.857142860	2.285714286	4.000000000
FR1-94-GC3, 435-436	4.35	4.36	4.355	402.84	1	0	0	1	78	0	0	10	8	0	1	0	0	7	25	0	1	1	0	1	0	1	0	82	1	31	0	1	0	2	90	15	4	0	1	362	21.54696133	0.000000000	8.563535912	24.861878450	4.143646409	6.906077348
FR1-94-GC3, 440-441	4.40	4.41	4.405	407.84	1	0	0	0	93	0	0	7	10	1	0	0	0	1	40	0	0	0	0	0	0	1	0	76	6	13	0	0	0	2	112	25	1	0	0	389	23.90745501	0.000000000	3.341902314	28.791773780	6.426735219	10.282776350
FR1-94-GC3, 445-446	4.45	4.46	4.455	420.05	0	0	0	0	103	0	0	1	26	1	0	0	0	4	36	0	0	1	0	1	0	1	0	49	4	20	0	2	0	2	123	27	1	0	0	402	25.62189055	0.000000000	4.975124378	30.597014930	6.716417910	8.955223881
FR1-94-GC3, 450-451	4.50	4.51	4.505	433.78	0	0	0	0	186	0	0	1	20	1	0	0	0	0	34	1	0	0	0	1	0	0	0	38	1	6	0	0	0	0	68	33	1	0	0	391	47.57033248	0.000000000	1.534526854	17.391304350	8.439897698	8.695652174
FR1-94-GC3, 455-456	4.55	4.56	4.555	441.86	0	0	1	0	134	0	0	0	18	1	0	0	0	0	30	0	0	0	0	0	0	0	3	33	1	11	0	1	0	2	72	20	1	0	0	328	40.85365854	0.000000000	3.353658537	21.951219510	6.097560976	9.146341463
FR1-94-GC3, 460-461	4.60	4.61	4.605	448.90	0	0	0	0	122	0	0	0	12	1	1	0	0	1	21	0	0	0	0	0	0	0	0	34	0	11	0	0	0	5	105	36	1	0	0	350	34.85714286	0.000000000	3.142857143	30.000000000	10.285714290	6.000000000
FR1-94-GC3, 465-466	4.65	4.66	4.655	455.28	1	0	0	0	138	1	0	0	11	1	1	0	0	1	35	1	0	0	0	1	0	0	0	34	2	16	0	1	0	3	165	11	1	0	0	424	32.54716981	0.000000000	3.773584906	38.915094340	2.594339623	8.254716981
FR1-94-GC3, 469-470	4.69	4.70	4.695	460.68	0	0	0	0	142	0	0	1	7	1	1	0	0	2	33	0	0	1	0	0	0	0	0	57	1	24	0	1	0	4	143	17	1	0	0	436	32.56880734	0.000000000	5.504587156	32.798165140	3.899082569	7.568807339
