Event	Depth sed [m]	Depth top [m]	Depth bot [m]	Depth adj [ambsf] (spliced)	Age [ka BP]	N. pachyderma s δ18O [‰ PDB] (vs. VPDB)	N. pachyderma s δ13C [‰ PDB] (vs. VPDB)	Cibicidoides spp. δ18O [‰ PDB] (C. wuellerstorfi or C. kullen...)	Cibicidoides spp. δ13C [‰ PDB] (C. wuellerstorfi or C. kullen...)	CaCO3 [%]	TC [%]	TOC [%]	Wet m [g]	Dry m [g]	Samp m [g] (dry)	Water wm [%]	100-63 µm [%]	150-100 µm [%]	500-150 µm [%]	1-0.5 mm [%]	>1 mm [%]	<63 µm [%]	Volc grains [#] (Counting >1000 µm fraction)	Lithic [#] (Counting >1000 µm fraction)	Volc glass basalt [%] (Counting >1000 µm fraction)	Volc glass rhyolit [%] (Counting >1000 µm fraction)	Volc grains [#] (Counting 500-1000 µm fraction)	Lithic [#] (Counting 500-1000 µm fraction)	Volc glass basalt [%] (Counting 500-1000 µm fraction)	Volc glass rhyolit [%] (Counting 500-1000 µm fraction)	Volc grains [#] (Counting 150-500 µm fraction)	Lithic [#] (Counting 150-500 µm fraction)	Volc glass basalt [%] (Counting 150-500 µm fraction)	Volc glass rhyolit [%] (Counting 150-500 µm fraction)	N. pachyderma [%] (formerly N. pachyderma sinist...)	N. incompta [%] (formerly N. pachyderma dextra...)	T. quinqueloba [%] (Counting 150-500 µm fraction)	G. bulloides [%] (Counting 150-500 µm fraction)	G. uvula [%] (Counting 150-500 µm fraction)	G. falconensis [%] (Counting 150-500 µm fraction)	G. inflata [%] (Counting 150-500 µm fraction)	G. glutinata [%] (Counting 150-500 µm fraction)	N. dutertrei [%] (Counting 150-500 µm fraction)	Foram plankt oth [%] (other/unidentified, Counting ...)	Foram plankt [#/g] (Counting 150-500 µm fraction)	B. marginata [#/g] (Counting 150-500 µm fraction)	Foram benth [#/g] (Counting 150-500 µm fraction)
JM96-1225/1-GC	0.005	0.00	0.01	0.005	6.5								26.57	14.00	12.50	47.31							0.00	1.52	0.48	0.00	0.00	2.56	2.88	0.80	0	2053.00			8.88	20.39	28.95	13.16	0.00	0.00	0.33	25.99	0.00	2.30	46694		
JM96-1225/1-GC	0.015	0.01	0.02	0.015	6.7	3.03	0.45	2.76	1.50	69.700	8.7800	0.420	43.83	22.84	19.97	47.89	2.10	3.86	19.43	0.40	4.51	69.70	0.00	0.30	0.35	0.00	0.00	2.30	2.25	0.30	0	394.00	235.00	930.00	8.37	32.67	19.52	19.52	0.00	0.40	0.40	13.55	5.58	0.00	36198		288.43
JM96-1225/1-GC	0.025	0.02	0.03	0.025	6.9	2.41	0.27	2.64	1.00				48.80	25.55	20.63	47.64	6.30	8.24	17.45	0.58	2.47	64.95	0.34	0.97	0.19	0.00	1.11	2.52	1.84	0.00	0	335.05	223.36	893.00	6.93	36.86	13.50	26.28	0.00	0.00	0.73	14.60	1.09	0.00	38251		83.76
JM96-1225/1-GC	0.035	0.03	0.04	0.035	7.2	2.28				60.080	7.3600	0.150			26.14		3.79	8.30	20.54	0.73	1.68	64.96	0.39	0.96	0.44	0.05	0.80	4.02	5.09	0.34	44	264.00	338.00	1936.00	13.98	28.32	16.13	27.24	0.00	0.00	0.36	8.96	5.02	0.00	40985		440.70
JM96-1225/1-GC	0.045	0.04	0.05	0.045	7.4	1.50	-0.11	2.98	1.21				42.93	22.65	22.65	47.24	6.27	10.24	29.58	0.93	52.98		0.00	0.49	0.93	0.09	0.00	2.56	5.96	1.15	0	500.00	1224.00	3656.00	8.36	18.60	35.31	20.22	0.00	0.00	0.27	15.09	0.00	2.16	47174		56.51
JM96-1225/1-GC	0.055	0.05	0.06	0.055	7.7	2.74	0.58	3.03	0.89				22.53	12.31	9.31	45.36	6.66	7.09	17.40	1.18	0.64	67.02				0.00																					
JM96-1225/1-GC	0.065	0.06	0.07	0.065	7.9	2.93	0.51	3.01	1.28	41.590	6.7600	1.770	28.82	14.91	11.81	48.27	6.35	6.18	13.89	0.76	0.76	72.06				0.00																					
JM96-1225/1-GC	0.075	0.07	0.08	0.075	8.1	2.47									10.43		3.55	5.47	13.04	0.86	1.05	76.03	0.29	0.77	0.19	0.00	1.82	3.84	4.22	0.86	874	1933.00	2439.00	11413.00	15.96	27.30	15.25	28.37	0.00	0.00	0.35	8.87	3.90	0.00	19467		335.30
JM96-1225/1-GC	0.085	0.08	0.09	0.085	8.4	2.89	0.50	3.24	0.93	43.150	5.3100	0.130	17.66	14.44	11.85	18.23	6.33	6.33	13.25	0.84	0.42	72.83				0.00																					
JM96-1225/1-GC	0.095	0.09	0.10	0.095	8.6	1.93	0.07	2.78	1.41				30.22	14.82	14.82	50.96	6.41	7.22	19.70	1.01	1.48	64.17	0.00	1.28	1.21	0.07	0.00	5.13	7.69	1.62	0	505.00	123.00	538.00	11.25	19.45	29.48	27.36	0.00	0.00	0.61	11.25	0.00	0.61	31968		60.46
JM96-1225/1-GC	0.110	0.10	0.12	0.110	9.0	3.23	0.39	2.93	0.94				55.60		16.37											0.00																					
JM96-1225/1-GC	0.125	0.12	0.13	0.125	9.3	3.11	0.32	3.25	0.92	12.770	1.6700	0.140	21.81	11.20	8.40	48.65	6.55	5.36	8.57	1.67	2.98	74.88				0.00																					
JM96-1225/1-GC	0.135	0.13	0.14	0.135	9.6	3.10									12.47		4.81	5.37	9.70	1.52	1.20	77.39	0.32	0.56	1.28	0.00	4.01	6.17	13.55	2.49	144	592.00	1126.00	2959.00	49.77	14.75	11.52	16.59	0.00	0.00	0.46	4.61	2.30	0.00	4176		115.48
JM96-1225/1-GC	0.145	0.14	0.15	0.145	9.8	3.61	0.74	3.01	0.96				38.41	18.56	18.56	51.68	7.11	6.52	12.93	2.21	2.75	68.48	0.00	1.51	3.50	0.32	0.00	9.97	19.67	4.20	0	1328.00	1290.00	1688.00													
JM96-1225/1-GC	0.155	0.15	0.16	0.155	10.1	3.55	0.41	3.41	1.00	8.220	1.1300	0.150	15.77	8.70	6.45	44.83	7.29	4.96	9.46	1.40	1.24	75.66				0.00									83.64	6.17	2.78	4.94	0.00	0.00	0.31	2.16	0.00	0.00	1808		6.20
JM96-1225/1-GC	0.165	0.16	0.17	0.165	10.3	3.20									13.28		6.25	7.08	11.14	1.96	3.01	70.56	0.75	1.73	2.71	0.23	4.89	5.35	20.33	2.26	289	831.00	2078.00	2675.00	68.63	6.86	10.78	9.80	0.00	0.00	0.00	2.45	1.47	0.00	1580		21.69
JM96-1225/1-GC	0.175	0.17	0.18	0.175	10.5	3.61	0.34	3.27	1.03	3.890	0.6100	0.140	25.69	14.18	11.69	44.80	8.21	5.73	11.29	2.14	1.97	70.66				0.00																					
JM96-1225/1-GC	0.185	0.18	0.19	0.185	10.8	3.28									8.74		5.61	8.01	14.87	2.86	2.17	66.48	1.14	1.37	4.92	0.46	7.55	8.24	32.15	3.43	132	610.00	3427.00	3114.00	88.00	4.00	3.20	1.60	0.00	0.00	0.00	0.00	3.20	0.00	1287		10.98
JM96-1225/1-GC	0.195	0.19	0.20	0.195	11.0	3.33									14.73		7.13	7.13	12.63	2.24	2.72	68.16	1.36	0.95	2.85	0.07	5.23	6.04	22.61	1.77	212	538.00	2086.00	2721.00	44.41	3.95	2.96	4.28	0.00	0.00	0.00	0.33	2.86	0.00	2138		14.66
JM96-1225/1-GC	0.205	0.20	0.21	0.205	11.3								16.35		7.62								0.00	3.94	6.82	0.00	0.00	38.06	67.19	12.07	0	1232.00	1533.00	1953.00	65.75	11.61	3.77	10.74	0.44	0.00	0.15	7.40	0.00	0.15	5425		17.85
JM96-1225/1-GC	0.215	0.21	0.22	0.215	11.5	3.14									18.84			7.01	7.86	1.22	3.45		0.48	1.01	0.42	0.00	4.03	6.42	11.09	0.64	191	548.00	1312.00	2713.00	86.99	6.50	1.63	2.44	0.00	0.00	0.00	1.63	0.81	0.00	588		95.54
JM96-1225/1-GC	0.225	0.22	0.23	0.225	11.7	3.10	0.20	3.25	1.15	6.220	0.9000	0.150	29.28	15.38	11.65	47.47	7.55	5.58	10.30	1.63	2.75	72.19				0.00																					
JM96-1225/1-GC	0.235	0.23	0.24	0.235	12.0	3.52									11.31								0.44	1.68	1.77	0.00	4.16	10.88	16.09	1.15	127	549.00	788.00	2260.00	91.03	3.21	1.92	1.28	0.00	0.00	0.00	1.28	1.28	0.00	1241		19.10
JM96-1225/1-GC	0.245	0.24	0.25	0.245	12.2	3.34	0.46	2.99	0.70				29.59	15.84	15.84	46.47	6.12	4.99	11.93	2.78	5.18	69.00	0.00	2.84	2.78	0.82	0.00	15.72	21.40	3.54	0	1807.00	1312.00	649.00	83.56	4.70	7.38	3.36	0.00	0.00	0.00	0.67	0.00	0.34	3386		16.16
JM96-1225/1-GC	0.255	0.25	0.26	0.255	12.5	3.66									6.70		8.06	8.36	18.81	2.84	1.94	60.00	0.90	1.64	0.90	0.15	4.03	11.34	14.78	0.30	365	2278.00	1547.00	365.00	78.26	4.74	8.70	5.93	0.00	0.00	0.00	1.58	0.79	0.00	13594		64.48
JM96-1225/1-GC	0.265	0.26	0.27	0.265	12.7	3.84	0.28	3.38	0.92	12.910	1.7100	0.170		15.25	12.81		3.90	5.15	15.69	2.50	10.46	62.30				0.00																					
JM96-1225/1-GC	0.275	0.27	0.28	0.275	12.9	3.54									11.34								1.32	6.61	1.76	0.00	6.17	22.84	17.37	0.00	73	1433.00	1868.00	236.00	89.69	2.24	4.04	1.79	0.00	0.00	0.00	0.00	2.24	0.00	14159		63.49
JM96-1225/1-GC	0.285	0.28	0.29	0.285	13.2	3.76				10.880	1.4500	0.150			6.51		6.30	6.45	17.05	3.69	3.69	62.83	1.23	4.76	2.76	0.00	5.22	23.81	18.59	0.00	133	2234.00	2278.00	66.00	87.08	2.08	4.17	1.67	0.00	0.00	0.00	0.42	4.58	0.00	13272		33.18
JM96-1225/1-GC	0.295	0.29	0.30	0.295	13.4	3.68	0.63	3.66					27.49	15.33	15.33	44.23	6.72	6.85	22.24	3.20	5.94	55.06	0.00	5.35	3.59	0.33	0.00	34.76	22.45	2.99	0	2364.00	1119.00	391.00													
JM96-1225/1-GC	0.310	0.30	0.32	0.310	13.8					15.570	2.0600	0.190	58.99		16.53											0.00									85.06	2.01	5.46	3.74	0.29	0.00	0.00	2.59	0.00	0.86	15158		65.82
JM96-1225/1-GC	0.325	0.32	0.33	0.325	13.9	3.48	0.14	3.48	0.91				13.64	8.01	5.23	41.28	7.84	6.50	17.59	1.91	1.34	64.82				0.00																					
JM96-1225/1-GC	0.335	0.33	0.34	0.335	13.9	3.70				16.740	2.1400	0.130			13.49		6.38	6.67	19.27	3.63	6.00	58.04	1.11	3.71	2.15	0.07	4.67	18.90	16.90	0.07	64	1580.00	1623.00	149.00	88.68	1.89	3.30	2.83	0.00	0.00	0.00	0.94	2.36	0.00	11315		32.02
JM96-1225/1-GC	0.345	0.34	0.35	0.345	14.0	3.69	0.45	3.21	0.85				18.12	12.16	12.16	32.89	7.07	7.40	17.76	2.22	2.14	63.40				0.00									80.82	2.20	7.23	7.23	0.00	0.00	0.00	1.89	0.00	0.63	7532		23.68
JM96-1225/1-GC	0.355	0.35	0.36	0.355	14.0	3.41				16.790	2.1800	0.160			9.03		7.53	8.75	18.60	2.33	1.88	60.91	0.66	1.44	1.33	0.00	4.65	13.51	14.06	0.44	112	1068.00	1643.00	64.00	84.11	3.10	6.98	3.88	0.00	0.00	0.00	0.39	1.55	0.00	10286		47.84
JM96-1225/1-GC	0.365	0.36	0.37	0.365	14.0	3.61	0.34	3.11	0.62	13.900	1.8300	0.160	24.15	12.94	10.13	46.42	6.12	4.64	9.77	2.27	1.78	75.42				0.00																					
JM96-1225/1-GC	0.375	0.37	0.38	0.375	14.1	3.34									9.25		5.41	4.32	8.86	2.27	2.92	76.22	1.51	1.51	2.38	0.00	5.30	8.76	10.49	0.43	304	1035.00	568.00	39.00	91.74	0.83	0.83	3.31	0.00	0.00	0.00	1.65	1.65	0.00	2355		27.24
JM96-1225/1-GC	0.385	0.38	0.39	0.385	14.1	3.57	0.10	3.47	0.83	9.810	1.3700	0.190	16.34	9.09	6.49	44.37	5.86	4.31	10.02	2.62	2.31	74.88	1.23	0.92	0.62	0.00	3.24	10.79	8.63	0.15	222	1220.00	592.00	18.00	85.94	6.25	4.69	1.56	0.00	0.00	0.00	0.00	2.00	0.00	1183		11.09
JM96-1225/1-GC	0.395	0.39	0.40	0.395	14.2	3.08									6.24		4.65	4.33	9.94	3.21	1.60	76.28	1.28	1.28	1.60	0.00	5.77	15.06	13.14	0.32	219	1535.00	992.00	35.00	90.91	1.30	3.25	1.95	0.00	0.00	0.00	1.95	0.65	0.00	2221		28.85
JM96-1225/1-GC	0.405	0.40	0.41	0.405	14.2								9.87		6.08											0.00									97.25	2.14	0.31	0.31	0.00	0.00	0.00	0.00	0.00	0.00	1613		3.29
JM96-1225/1-GC	0.415	0.41	0.42	0.415	14.2	3.23	0.18	3.03	0.44				18.93	10.61	7.69	43.95	4.03	3.12	5.72	1.30	4.29	81.53				0.00																					
JM96-1225/1-GC	0.425	0.42	0.43	0.425	14.3	3.00	-0.10	3.68	0.83	9.690	1.3100	0.140	14.72	8.27	5.36	43.82	5.41	3.73	6.72	1.31	1.31	81.53	0.00	2.05	1.31	0.00	0.00	10.63	13.25	0.19	0	1306.00	550.00	84.00													
JM96-1225/1-GC	0.435	0.43	0.44	0.435	14.3	3.29	0.31	3.21	0.73				29.59	16.50	12.62	44.24	4.83	3.65	8.87	1.82	5.07	75.75				0.00																					
JM96-1225/1-GC	0.445	0.44	0.45	0.445	14.4	3.50	0.14	3.24	0.61				29.30	15.61	15.61	46.72	5.89	5.77	15.37	4.48	8.65	59.83	0.00	1.54	1.79	0.26	0.00	11.53	17.85	3.89	0	1563.00	1102.00	295.00	82.27	2.33	7.27	4.65	0.00	0.00	0.00	2.91	0.00	0.58	2644		14.35
JM96-1225/1-GC	0.455	0.45	0.46	0.455	14.4	3.50	0.03	3.39	0.60				22.26	12.39	8.68	44.34	5.18	4.15	10.48	2.88	4.03	73.27				0.00																					
JM96-1225/1-GC	0.465	0.46	0.47	0.465	14.5	3.12	-0.01	3.58	0.71	5.810	0.8100	0.110	31.74	17.15	11.99	45.97	3.42	2.50	5.84	1.92	2.92	83.40				0.00																					
JM96-1225/1-GC	0.475	0.47	0.48	0.475	14.5	3.67	-0.04	3.40	0.91				18.45	11.27	8.00	38.92	3.00	2.50	5.50	1.63	8.13	79.25				0.00																					
JM96-1225/1-GC	0.485	0.48	0.49	0.485	14.8	3.52	0.27	3.39	0.80	9.280	1.2800	0.170	34.21	20.46	15.36	40.19	4.36	3.06	7.23	2.54	5.14	77.67				0.00																					
JM96-1225/1-GC	0.495	0.49	0.50	0.495	15.2	3.47	-0.09	3.23	0.54				30.34	20.12	20.12	33.68	4.17	4.27	14.41	8.95	27.63	40.56	0.00	3.23	2.58	0.20	0.00	22.66	14.71	1.49	0	982.00	429.00	20.00	73.95	3.54	9.65	8.36	1.61	0.00	0.00	2.89	0.00	0.00	1113		16.70
JM96-1225/1-GC	0.510	0.50	0.52	0.510	15.7	3.47	-0.15	3.75	0.55	7.740	1.1100	0.180	36.75		12.12											0.00																					
JM96-1225/1-GC	0.525	0.52	0.53	0.525	16.2	2.71	-0.33	3.71	0.98				18.63	10.13	7.46	45.63	4.56	3.75	9.65	2.68	4.42	74.93	0.00	3.22	4.29	0.27	0.00	14.61	20.91	0.13	0	3619.00	1291.00	241.00													
JM96-1225/1-GC	0.535	0.53	0.54	0.535	16.5	3.88	-0.19			3.330	0.5200	0.120	16.78	10.32	6.93	38.50	4.18	3.03	6.20	2.31	4.33	79.94				0.00																					
JM96-1225/1-GC	0.545	0.54	0.55	0.545	16.8	3.79	0.03						33.83	19.57	19.57	42.15	5.16	4.55	14.05	5.83	7.41	63.00	0.00	2.25	1.69	0.15	0.00	23.64	23.16	1.61	0	1030.00	672.00	67.00	86.64	2.93	2.61	2.93	0.00	0.00	0.00	4.23	0.00	0.65	982		8.18
JM96-1225/1-GC	0.555	0.55	0.56	0.555	17.1	4.39	0.09	4.05	1.27	5.370	0.7800	0.130	13.12	8.73	5.91	33.46	3.89	3.55	9.81	1.86	10.15	70.73				0.00																					
JM96-1225/1-GC	0.565	0.56	0.57	0.565	17.5	3.97	-0.03	4.12	1.10	7.720	1.1600	0.240	20.20	11.98	8.37	40.69	4.78	3.82	11.11	1.79	1.08	77.42				0.00																					
JM96-1225/1-GC	0.575	0.57	0.58	0.575	17.8	4.39	-0.19	4.63	1.36				22.82	15.18	12.03	33.48	4.49	4.66	17.62	3.49	5.24	64.51				0.00																					
JM96-1225/1-GC	0.585	0.58	0.59	0.585	17.9	4.66	-0.09	3.84	0.99	5.050	0.8300	0.220	25.86	16.08	12.70	37.82	5.28	4.57	18.27	2.83	2.99	66.06				0.00																					
JM96-1225/1-GC	0.595	0.59	0.60	0.595	17.9	4.66	-0.02	4.39	1.30				26.29	16.66	12.87	36.63	3.81	3.73	17.33	3.03	4.90	67.21	0.00	3.11	1.32	0.16	0.00	24.17	46.67	1.06	0	709.00	1231.00	12.00	97.74	0.97	0.32	0.65	0.00	0.00	0.00	0.32	0.00	0.00	1239		4.97
JM96-1225/1-GC	0.605	0.60	0.61	0.605	18.0								7.11		10.00								0.00	1.80	0.40	0.00																					
JM96-1225/1-GC	0.615	0.61	0.62	0.615	18.1	4.79	-0.11	4.77	1.56				17.43	10.28	7.76	41.02	4.12	3.61	12.89	1.68	2.71	75.00				0.00																					
JM96-1225/1-GC	0.625	0.62	0.63	0.625	18.1	4.41	-0.11	3.57	1.22	10.040	1.3800	0.170	14.88	8.46	5.58	43.15	5.02	3.94	12.54	1.25	1.79	75.45	0.00	1.97	0.36	0.00	0.00	11.11	8.78	0.54	0	1935.00	948.00	39.00													
JM96-1225/1-GC	0.635	0.63	0.64	0.635	18.2	4.69	0.02	3.95	1.05				18.08	9.99	5.86	44.75	4.61	3.75	7.68	0.85	0.85	82.25				0.00																					
JM96-1225/1-GC	0.645	0.64	0.65	0.645	18.3	4.60	-0.05	4.76	1.50				15.96	8.29	8.29	48.06	5.55	5.79	16.04	2.17	1.45	69.00	0.00	1.21	1.09	0.24	0.00	9.53	8.32	1.21	0	3268.00	630.00	261.00	96.23	1.57	0.31	0.00	0.00	0.00	0.00	1.57	0.00	0.31	1726		11.58
JM96-1225/1-GC	0.655	0.65	0.66	0.655	18.3	4.40	-0.17	4.42	1.28				23.40	13.50	9.57	42.31	5.43	4.91	8.67	1.04	1.57	78.37				0.00																					
JM96-1225/1-GC	0.665	0.66	0.67	0.665	18.4	4.41									6.60		5.15	5.30	8.64	1.36	5.91	73.64				0.00																					
JM96-1225/1-GC	0.675	0.67	0.68	0.675	18.5	4.00	-0.24	4.62	1.70	9.600	1.3020	0.150	32.97	18.37	13.93	44.28	5.46	4.59	7.32	1.15	2.08	79.40	0.00	2.37	0.07	0.00	0.00	14.79	3.80	0.14	0	2705.00	215.00	0.00													
JM96-1225/1-GC	0.685	0.68	0.69	0.685	18.5	4.59									7.59		3.69	3.56	7.91	3.16	15.81	65.88				0.00																					
JM96-1225/1-GC	0.695	0.69	0.70	0.695	18.6	4.71	0.16	4.68	1.52				7.41	4.11	4.11	44.53	4.14	4.38	12.65	3.41	2.19	73.24	0.00	3.16	1.46	0.00	0.00	29.68	7.54	0.97	0	1653.00	192.00	16.00	96.62	1.01	0.00	0.68	0.34	0.00	0.00	1.35	0.00	0.00	2161		17.52
JM96-1225/1-GC	0.710	0.70	0.72	0.710	18.7	4.41	0.07	3.54	0.74				48.74	23.67	18.09	51.44	3.34	4.59	12.77	3.32	5.80	70.18				0.00																					
JM96-1225/1-GC	0.725	0.72	0.73	0.725	18.8	4.65	0.14	4.78	1.71	8.180	1.1100	0.130	19.76	10.63	7.83	46.20	2.30	1.92	5.87	2.04	6.90	80.97				0.00																					
JM96-1225/1-GC	0.735	0.73	0.74	0.735	18.9	4.73									11.74		2.13	1.96	5.96	1.70	10.14	78.11				0.00																					
JM96-1225/1-GC	0.745	0.74	0.75	0.745	18.9	4.67	-0.12	4.63	1.40				15.77	8.22	8.22	47.88	2.43	2.55	11.92	3.89	1.95	77.25	0.00	2.07	0.12	0.00	0.00	10.58	1.22	0.24	0	1889.00	194.00	0.00	97.71	1.63	0.00	0.00	0.00	0.00	0.00	0.65	0.00	0.00	536		8.76
JM96-1225/1-GC	0.755	0.75	0.76	0.755	19.0	4.67									4.18		0.72	0.72	1.67	0.96	1.20	94.74				0.00																					
JM96-1225/1-GC	0.765	0.76	0.77	0.765	19.1	4.30	-0.15	4.60	1.51	3.040	0.5100	0.150	12.61	6.80	3.09	46.07	0.97	0.65	1.29	0.32	0.32	96.44				0.00																					
JM96-1225/1-GC	0.775	0.77	0.78	0.775	19.1										14.19		1.90	1.20	2.11	1.06	8.39	85.34				0.00																					
JM96-1225/1-GC	0.785	0.78	0.79	0.785	19.2	4.43				2.080	0.3200	0.070			3.16		0.95	0.63	1.27	0.32	1.90	94.94				0.00																					
JM96-1225/1-GC	0.795	0.79	0.80	0.795	19.3	4.23	0.08						12.64	6.22	6.22	50.79	1.13	1.45	9.00	3.05	1.61	83.76	0.00	1.61	0.00	0.00	0.00	8.84	1.29	0.16	0	489.00	69.00	24.00	67.44	13.02	3.72	9.77	0.00	0.00	0.00	6.05	0.00	0.00	138		4.18
JM96-1225/1-GC	0.805	0.80	0.81	0.805	19.3										7.00								0.00	4.57	0.00	0.00	0.00	19.00	5.14	0.00																	
JM96-1225/1-GC	0.815	0.81	0.82	0.815	19.4	4.56				6.320	0.8900	0.130			6.64		3.16	3.31	8.58	3.77	9.04	72.14				0.00																					
JM96-1225/1-GC	0.825	0.82	0.83	0.825	19.5	4.58	0.16	4.63	1.64	1.530	1.3300	1.150	20.61	11.12	7.82	46.05	2.94	3.32	10.87	3.58	8.31	70.97				0.00																					
JM96-1225/1-GC	0.835	0.83	0.84	0.835	19.5										10.15		2.96	3.05	10.54	2.76	2.56	78.13				0.00																					
JM96-1225/1-GC	0.845	0.84	0.85	0.845	19.6	4.62	-0.14	4.39	1.36				26.53	13.22	13.22	50.17	2.72	3.03	12.18	2.65	6.28	73.15	0.00	1.89	0.53	0.00	0.00	11.95	7.56	1.13	0	1179.00	525.00	58.00	93.10	2.82	1.25	0.31	0.00	0.00	0.00	2.19	0.00	0.31	2172		9.68
JM96-1225/1-GC	0.855	0.85	0.86	0.855	19.7										8.51		3.53	2.47	4.35	1.29	1.53	86.84				0.00																					
JM96-1225/1-GC	0.865	0.86	0.87	0.865	19.7	4.57	0.18	4.14	1.24	3.480	0.5400	1.130	24.59	14.89	10.43	39.45	3.07	2.30	5.85	2.59	2.78	83.41				0.00																					
JM96-1225/1-GC	0.875	0.87	0.88	0.875	19.8																																										
JM96-1225/1-GC	0.885	0.88	0.89	0.885	19.9					6.720	0.9300	0.130			11.82		3.72	4.40	11.68	4.40	12.44	63.37				0.00																					
JM96-1225/1-GC	0.895	0.89	0.90	0.895	19.9	4.73	0.00	3.84	1.08				21.16	12.47	12.47	41.07	4.33	5.37	15.64	4.57	13.87	56.21	0.00	5.53	2.25	0.24	0.00	23.18	13.87	1.04	0	1911.00	335.00	17.00	95.94	1.56	1.56	0.63	0.00	0.00	0.00	0.31	0.00	0.00	2053		7.70
JM96-1225/1-GC	0.910	0.90	0.92	0.910	20.0	4.26	-0.12	4.38	1.62				69.17	39.00	21.10	43.62	4.51	4.69	13.59	4.74	18.36	54.10				0.00																					
JM96-1225/1-GC	0.925	0.92	0.93	0.925	20.1	4.54	0.15	4.53	1.64	9.150	1.2700	0.170	33.08	19.24	14.27	41.84	4.77	4.34	12.05	2.45	6.45	69.94				0.00																					
JM96-1225/1-GC	0.935	0.93	0.94	0.935	20.2										13.47		3.86	3.79	9.65	2.45	6.53	73.72				0.00																					
JM96-1225/1-GC	0.945	0.94	0.95	0.945	20.3	4.89	0.04	4.65	1.49				33.76	17.76	17.76	47.39	4.05	4.45	14.70	3.55	2.53	70.72	0.00	1.69	0.73	0.23									87.97	4.75	2.85	1.90	0.32	0.00	0.00	1.90	0.00	0.32	2135		9.01
JM96-1225/1-GC	0.955	0.95	0.96	0.955	20.3										15.07		3.85	4.11	10.09	2.39	6.97	72.59				0.00																					
JM96-1225/1-GC	0.965	0.96	0.97	0.965	20.4	4.08	-0.12	4.23	1.46	9.760	1.3600	0.190	44.63	24.39	19.58	45.35	4.70	4.14	7.97	1.28	3.78	78.14				0.00																					
JM96-1225/1-GC	0.975	0.97	0.98	0.975	20.5										15.50		4.39	6.06	5.29	0.84	4.06	79.35				0.00																					
JM96-1225/1-GC	0.985	0.98	0.99	0.985	20.5					4.780	0.6700	0.090			22.57		5.76	4.34	5.98	2.04	7.67	74.21				0.00																					
JM96-1225/1-GC	0.995	0.99	1.00	0.995	20.6	4.73	0.10	4.72	1.59				42.84	27.40	27.40	36.04	5.44	5.07	14.82	8.36	7.08	59.23	0.00	5.11	1.90	0.22	0.00	22.48	8.76	2.12	0	1577.00	788.00	84.00	95.70	1.66	0.66	0.00	0.00	0.00	0.00	1.99	0.00	0.00	1323		15.18
JM96-1225/1-GC	1.005	1.00	1.01	1.005	20.7								28.34																																		
JM96-1225/1-GC	1.015	1.01	1.02	1.015	20.7					8.600	1.1600	0.130			27.17			5.04	10.05	3.50	9.57					0.00																					
JM96-1225/1-GC	1.025	1.02	1.03	1.025	20.8	4.46	0.03	4.59	1.50	8.290	1.1600	0.160	39.00	21.30	16.77	45.38	3.76	3.70	10.67	2.62	6.26	72.99				0.00																					
JM96-1225/1-GC	1.035	1.03	1.04	1.035	20.9										24.24		3.30	4.08	9.32	4.29	12.33	66.67				0.00																					
JM96-1225/1-GC	1.045	1.04	1.05	1.045	20.9	4.47	0.32	3.17	1.45				43.82	26.05	26.05	40.55	3.84	4.22	16.05	9.79	13.21	52.90	0.00	4.15	1.84	0.42									82.37	3.65	2.13	1.52	0.00	0.00	0.00	2.13	0.00	0.00	1284		14.74
JM96-1225/1-GC	1.055	1.05	1.06	1.055	21.0																																										
JM96-1225/1-GC	1.065	1.06	1.07	1.065	21.1	4.52	0.17	4.36	1.41	9.160	1.2700	0.170	43.89	24.94	20.74	43.18	3.52	3.13	9.31	2.36	9.06	72.61				0.00																					
JM96-1225/1-GC	1.075	1.07	1.08	1.075	21.1										17.17		4.48	4.48	7.34	1.63	6.76	75.31				0.00																					
JM96-1225/1-GC	1.085	1.08	1.09	1.085	21.2					9.360	1.2600	0.130			11.98		3.84	3.42	8.51	2.17	5.18	76.88				0.00																					
JM96-1225/1-GC	1.095	1.09	1.10	1.095	21.3	4.60	0.31	4.56	1.73				25.41	12.91	12.91	49.19	3.56	3.64	12.32	4.96	7.82	67.70	0.00	2.40	1.01	0.23	0.00	12.63	8.91	0.93	0	1211.00	486.00	52.00	94.14	1.23	0.31	0.31	0.00	0.00	0.00	0.31	0.00	0.00	1338		2.48
JM96-1225/1-GC	1.110	1.10	1.12	1.110	21.5	4.14	-0.01	3.77	0.98				63.26	38.03	38.03	39.88	3.23	3.39	10.26	5.21	13.54	64.37				0.00																					
JM96-1225/1-GC	1.125	1.12	1.13	1.125	21.7	4.34	0.09	4.59	1.48	7.670	1.0600	0.140	42.59	27.46	21.81	35.52	5.91	4.22	9.45	2.34	6.33	71.76				0.00																					
JM96-1225/1-GC	1.135	1.13	1.14	1.135	21.8										13.62		5.43	5.87	10.65	2.94	9.91	65.20				0.00																					
JM96-1225/1-GC	1.145	1.14	1.15	1.145	22.0	4.32	0.17	4.62	1.58				34.73	19.67	19.67	43.36	5.13	5.03	12.76	3.15	6.15	67.77				0.00									93.92	3.04	1.82	0.61	0.00	0.00	0.00	0.91	0.00	0.90	1741		2.44
JM96-1225/1-GC	1.155	1.15	1.16	1.155	22.1										16.48		5.04	4.37	8.56	1.88	4.07	76.09				0.00																					
JM96-1225/1-GC	1.165	1.16	1.17	1.165	22.2	4.27	-0.15	4.62	1.63	7.360	1.0500	0.170	20.01	11.47	7.74	42.68	4.65	4.01	10.34	1.55	3.75	75.71				0.00																					
JM96-1225/2-GC	1.070	1.06	1.08	1.175	22.4	4.34	0.07	4.48	1.37	8.440	1.0340	0.179	79.33	45.47	37.66	42.68	3.66	3.29	4.54	4.43	4.14	79.93	0.72	3.82	0.21		6.37	24.64	5.63	0.00					95.14	1.62	0.81	0.00	0.00	0.00	0.00	0.00	2.43	0.00	944		13.60
JM96-1225/2-GC	1.090	1.08	1.10	1.195	22.6	4.56	0.15	4.30	1.41				78.53	45.35	39.91	42.25	3.53	4.79	12.73	3.08	4.31	71.56	2.38	3.76	0.38		13.03	20.85	6.82	0.00					92.15	4.96	0.00	0.00	0.00	0.00	0.00	0.00	2.89	0.00	2495		6.41
JM96-1225/2-GC	1.110	1.10	1.12	1.215	22.9	4.78	0.38	3.76	1.31	6.949	1.1075	0.274	96.06	53.80	43.50	43.99	3.26	4.57	13.56	6.62	15.29	56.69	0.83	1.98	0.23		6.44	15.45	4.78	0.00					95.95	3.24	0.40	0.00	0.00	0.00	0.00	0.00	0.40	0.00	1363		7.36
JM96-1225/2-GC	1.130	1.12	1.14	1.235	23.2	4.31	-0.09	4.58	1.49				76.13	40.17	34.55	47.23	2.95	2.66	7.24	1.71	3.47	81.97	1.27	2.43	0.38		5.79	14.88	4.63	0.00					87.50	2.82	4.03	0.00	0.00	0.00	0.00	0.00	5.65	0.00	1292		
JM96-1225/2-GC	1.150	1.14	1.16	1.255	23.4	4.15	-0.05	3.89	1.21	10.150	1.2400	0.185	60.18	32.65	25.54	45.75	4.23	4.11	10.30	2.66	2.31	76.39	1.33	2.51	0.55		7.52	17.70	5.95	0.00					89.20	1.88	5.16	0.00	0.00	0.00	0.00	0.00	3.76	0.00	751		8.77
JM96-1225/2-GC	1.170	1.16	1.18	1.275	23.7	4.02	0.05	4.10	1.21				74.62	39.00	34.03	47.74	3.29	3.35	7.67	1.62	2.82	81.25	0.73	2.41	0.79		4.70	13.93	5.23	0.06					96.15	0.48	1.44	0.00	0.00	0.00	0.00	0.00	1.92	0.00	880		2.35
JM96-1225/2-GC	1.190	1.18	1.20	1.295	24.0	3.98	-0.16	4.04	1.09	7.951	1.0890	0.135	78.89	42.18	33.85	46.53	3.37	3.43	9.84	3.31	7.56	72.50	0.53	2.92	0.35		6.14	15.36	10.87	0.00					91.50	2.50	1.00	0.50	0.00	0.50	0.00	0.00	4.00	0.00	1702		6.62
JM96-1225/2-GC	1.210	1.20	1.22	1.315	24.2	4.28	-0.10	4.44	1.54				102.21	56.94	50.66	44.29	3.49	4.09	7.46	1.86	3.69	79.41	1.01	2.61	0.65		4.34	13.66	6.95	0.00					89.88	3.11	2.33	0.00	0.00	0.00	0.00	0.00	4.67	0.00	1044		5.05
JM96-1225/2-GC	1.230	1.22	1.24	1.335	24.5	4.18	-0.02	4.43	1.55	9.250	1.1290	0.159	87.86	41.10	35.39	53.22	3.48	3.70	10.45	2.57	2.40	77.39	1.19	1.47	0.54		7.46	15.15	8.82	0.00					89.59	1.36	1.36	0.00	0.00	0.00	0.00	0.45	7.24	0.00	1798		5.43
JM96-1225/2-GC	1.250	1.24	1.26	1.355	24.8	4.44	0.10	3.95	0.89				107.92	62.79	55.11	41.82	4.06	3.27	8.58	3.27	5.17	75.65	0.91	2.67	0.58		4.94	13.06	7.40	0.00					90.95	4.02	0.00	0.00	0.00	0.00	0.00	0.50	4.52	0.00	416		5.81
JM96-1225/2-GC	1.270	1.26	1.28	1.375	25.0										50.00								1.52	1.78	0.86		6.24	13.76	10.88																		
JM96-1225/2-GC	1.290	1.28	1.30	1.395	25.3	4.22	-0.03	4.26	1.28	10.830	1.3240	0.204	90.49	47.30	36.36	47.73	3.82	4.21	8.44	1.57	1.46	80.50													94.55	1.92	0.32	0.00	0.00	0.00	0.00	0.00	3.21	0.00	1373		5.28
JM96-1225/2-GC	1.310	1.30	1.32	1.415	25.6	4.18	-0.05	3.76	1.15				100.15	55.80	55.80	44.28	2.56	2.74	4.55	1.25	6.09	82.80	0.93	1.15	0.50		3.94	5.66	2.01	0.00					92.82	1.91	0.48	0.00	0.00	0.00	0.00	0.00	4.78	0.00	771		0.57
JM96-1225/2-GC	1.330	1.32	1.34	1.435	25.8	4.13	-0.03	4.44	1.54	11.803	1.5780	0.162	88.73	50.11	38.89	43.53	3.01	1.83	3.75	0.67	1.95	88.79	0.95	0.62	0.13		5.89	2.93	1.23	0.00					90.48	5.24	0.48	0.00	0.00	0.00	0.00	0.00	3.81	0.00	778		0.82
JM96-1225/2-GC	1.340	1.34	1.36	1.445	26.0	4.20	-0.15								35.00								2.00	0.77	0.37		18.00	5.83	9.43						91.63	2.79	1.40	0.47	0.00	0.00	0.00	0.00	3.72	0.00			
JM96-1225/2-GC	1.370	1.36	1.38	1.475	26.3	4.66	0.21	3.97	1.46	10.480	1.2790	0.178	73.05	40.66	31.10	44.34	3.86	2.99	10.23	3.47	4.60	74.86	6.40	1.45	0.71		42.57	11.19	12.22	0.00					92.92	0.47	0.94	0.00	0.00	0.00	0.00	0.47	5.19	0.00	982		4.12
JM96-1225/2-GC	1.390	1.38	1.40	1.495	26.6	4.39	-0.07	4.15	1.72				121.68	67.51	60.07	44.52	3.40	3.50	9.47	3.48	6.08	74.08	4.93	1.07	0.48		45.81	5.33	9.59	0.00					92.63	2.76	0.92	0.00	0.00	0.00	0.00	0.00	3.69	0.00	946		3.20
JM96-1225/2-GC	1.410	1.40	1.42	1.515	26.9	3.92	0.55	4.12	1.44				121.42	69.32	60.47	42.91	7.84	6.33	9.57	1.46	2.02	72.78	0.66	0.78	0.45		5.19	7.54	4.76	0.00					89.30	5.12	0.00	0.00	0.00	0.00	0.00	0.93	4.65	0.00	1707		8.47
JM96-1225/2-GC	1.430	1.42	1.44	1.535	27.1	4.12	0.14	4.31	1.78				83.08	46.20	39.72	44.39	5.26	5.74	14.55	2.54	1.71	70.19	2.01	0.88	1.03		23.97	6.04	19.74	0.00					90.31	3.96	2.64	0.00	0.00	0.00	0.00	0.00	3.08	0.00	1646		3.22
JM96-1225/2-GC	1.450	1.44	1.46	1.555	27.4	3.98	-0.05			7.910	1.0460	0.097	95.85	55.52	50.02	42.08	5.10	6.90	16.01	2.90	7.08	62.02	2.50	0.86	1.56		19.83	8.48	23.83	0.00					85.66	4.38	3.19	0.00	0.00	0.00	0.00	0.00	6.77	0.00	2409		2.56
JM96-1225/2-GC	1.470	1.46	1.48	1.575	27.6	4.09	0.17	3.84	1.36	12.290	1.4900	0.125	104.39	58.68	50.18	43.79	5.78	5.04	15.48	4.70	3.95	65.05	3.47	1.99	1.93		25.83	8.21	29.57	0.00					85.19	2.59	4.07	1.48	0.00	0.37	0.00	0.37	5.93	0.00	2583		2.55
JM96-1225/2-GC	1.490	1.48	1.50	1.595	27.9	3.54	-0.20						100.37	56.06	50.17	44.15	5.18	5.36	11.80	3.55	4.64	69.46	4.01	1.34	2.09		24.64	7.34	25.91	0.00					86.80	2.93	4.99	1.17	0.29	0.00	0.00	0.59	3.23	0.00	2447		3.83
JM96-1225/2-GC	1.510	1.50	1.52	1.615	28.1	4.16	0.15	3.44	1.02	9.239	1.2450	0.125	94.02	54.03	54.03	42.53	3.29	5.81	20.75	5.33	14.55	50.27	2.63	1.17	0.61		24.28	5.40	19.10	0.00					85.66	3.31	2.21	2.21	0.00	0.00	0.00	1.10	5.51	0.00	2071		3.55
JM96-1225/2-GC	1.530	1.52	1.54	1.635	28.4	3.92	0.09	4.22	1.26				106.63	60.17	50.28	43.57	5.63	5.43	17.96	5.41	3.06	62.51	3.94	1.07	0.64		45.82	4.77	21.64	0.00					83.64	1.85	8.02	2.47	0.00	0.00	0.00	0.31	3.70	0.00	3712		3.82
JM96-1225/2-GC	1.550	1.54	1.56	1.655	28.7	3.73	-0.21			8.278	1.0980	0.104	74.96	42.92	37.42	42.74	5.02	5.80	13.12	2.41	7.16	66.49	2.83	0.53	0.91		20.10	6.95	15.61	0.00					91.11	1.78	3.56	0.44	0.44	0.00	0.00	0.44	2.22	0.00	2165		1.71
JM96-1225/2-GC	1.570	1.56	1.58	1.675	28.9	3.43	0.87			8.310	1.0140	0.136	89.51	50.70	42.64	43.36	5.39	4.62	8.68	2.27	4.15	74.88	2.74	1.10	0.61		18.95	6.29	9.76	0.00					88.49	1.80	3.96	0.00	0.00	0.00	0.00	1.08	4.68	0.00	853		2.25
JM96-1225/2-GC	1.590	1.58	1.60	1.695	29.2	3.51	-0.21						88.54	50.93	45.06	42.48	4.75	4.17	4.55	1.07	2.77	82.69	2.00	0.55	0.38		12.45	4.15	3.42	0.00					90.78	1.73	2.02	0.86	0.00	0.58	0.00	0.29	3.75	0.00	739		0.71
JM96-1225/2-GC	1.610	1.60	1.62	1.715	29.4	3.39	-0.18	3.52	1.04	6.933	0.9640	0.132	94.90	55.03	44.28	42.01	4.20	3.25	4.22	1.13	1.56	85.64																									
JM96-1225/2-GC	1.630	1.62	1.64	1.735	29.6	3.76	0.01						108.49	62.46	56.17	42.43	4.01	3.03	4.33	1.19	2.17	85.28	2.94	0.57	0.21		15.45	1.64	1.18	0.00					88.14	1.98	2.77	2.37	0.40	0.00	0.00	0.40	3.95	0.00	405		1.42
JM96-1225/2-GC	1.650	1.64	1.66	1.755	29.8	3.98	-0.08	3.73	1.52	6.060	0.7460	0.160	92.10	53.42	45.02	42.00	4.58	4.02	7.66	2.62	6.84	74.28	3.82	1.11	0.44		25.68	4.53	5.24	0.00					86.81	4.68	0.43	2.13	0.00	0.43	0.00	1.28	4.26	0.00	501		1.42
JM96-1225/2-GC	1.670	1.66	1.68	1.775	30.0	4.20	0.11						69.53	40.10	34.74	42.33	4.63	4.38	8.52	2.25	5.56	74.67	3.80	0.89	0.81		24.99	4.95	11.40	0.00					90.04	1.92	1.92	0.00	0.38	1.15	0.00	0.77	3.83	0.00	1082		4.61
JM96-1225/2-GC	1.690	1.68	1.70	1.795	30.1	4.11	-0.01	3.70	1.33	5.497	0.7700	0.110	81.71	47.55	41.37	41.81	5.68	5.49	13.34	4.54	4.09	66.86	4.74	0.77	0.36		44.48	7.93	10.25	0.00					92.33	2.79	0.70	0.35	0.00	0.35	0.00	0.35	3.14	0.00	1665		2.32
JM96-1225/2-GC	1.710	1.70	1.72	1.815	30.3	4.35	0.27	4.13	1.56				101.32	55.88	55.88	44.85	2.85	3.87	9.82	2.93	4.92	75.61	3.10	0.45	0.14		20.33	5.15	3.01	0.00					90.58	2.24	1.79	0.90	0.00	0.00	0.00	0.00	4.48	0.00	575		1.72
JM96-1225/2-GC	1.730	1.72	1.74	1.835	30.5	4.46	0.17	4.17	1.55	6.990	0.8610	0.183	79.64	43.74	34.94	45.08	4.24	3.49	5.81	1.60	3.23	81.63	2.29	1.29	0.46		10.76	5.44	3.15	0.00					88.16	2.63	1.75	1.32	0.00	0.00	0.00	0.88	5.26	0.00	392		1.83
JM96-1225/2-GC	1.750	1.74	1.76	1.855	30.7	3.93	0.04						94.95	52.94	46.07	44.24	3.19	3.36	3.36	0.56	1.04	88.47	1.09	0.37	0.11		6.45	3.54	0.76	0.00					83.67	2.86	2.04	1.63	0.82	0.00	0.00	1.22	7.76	0.00	295		1.74
JM96-1225/2-GC	1.770	1.76	1.78	1.875	30.9	4.20		4.36	1.53	6.688	0.9570	0.155	70.33	39.76	33.21	43.47	4.03	3.07	3.88	0.45	0.78	87.77	0.48	0.42	0.12		3.25	3.64	0.51	0.00					91.32	3.65	0.46	0.46	0.00	0.00	0.00	0.91	3.20	0.00	264		1.45
JM96-1225/2-GC	1.790	1.78	1.80	1.895	31.0	4.02							82.92	47.09	41.13	43.21	4.38	4.81	6.01	0.61	1.31	82.88	0.56	0.22	0.58		6.08	4.06	1.82	0.00					84.87	3.78	2.10	0.84	0.00	0.00	0.00	0.00	8.40	0.00	417		1.56
JM96-1225/2-GC	1.810	1.80	1.82	1.915	31.2	4.13	0.40	3.99	1.47	8.750	1.0710	0.180	95.64	52.04	40.55	45.59	4.86	3.72	4.86	0.57	1.23	84.76	0.64	0.59	0.20		2.19	4.56	1.82	0.00					88.65	2.18	3.06	0.44	0.00	0.00	0.00	0.87	4.80	0.00	813		0.39
JM96-1225/2-GC	1.830	1.82	1.84	1.935	31.4	4.24							57.67	31.29	26.09	45.74	4.83	4.37	7.13	0.69	1.38	81.60	0.34	0.54	0.08		2.49	5.94	3.49	0.00					85.29	2.57	8.82	0.37	0.00	0.00	0.00	0.74	2.21	0.00	3003		4.91
JM96-1225/2-GC	1.850	1.84	1.86	1.955	31.6	4.23	0.40	3.92	1.45	10.665	1.4080	0.128	92.85	49.88	44.14	46.28	6.12	6.09	10.83	1.40	1.93	73.63	1.04	0.77	0.14		6.21	8.38	5.44	0.00					84.11	1.55	9.30	1.16	0.00	0.00	0.00	0.00	3.88	0.00	4208		5.80
JM96-1225/2-GC	1.870	1.86	1.88	1.975	31.8	3.96							84.20	46.55	41.11	44.71	7.81	8.00	14.50	1.73	1.39	66.58	1.26	1.02	0.32		8.37	7.20	4.91	0.00					81.20	1.60	10.40	3.20	0.00	0.00	0.00	0.00	3.60	0.00	5838		4.67
JM96-1225/2-GC	1.890	1.88	1.90	1.995	31.9	3.85	0.25	3.94		10.930	1.3290	0.141	108.78	59.23	52.52	45.55	7.43	8.66	11.39	1.98	1.49	69.06	1.45	0.78	0.32		11.50	8.07	5.64	0.00					84.05	1.66	10.30	1.66	0.00	0.00	0.00	0.00	2.33	0.00	3301		7.31
JM96-1225/2-GC	1.910	1.90	1.92	2.015	32.1	4.17	0.31	3.83	1.30				101.68	56.95	59.95	43.99	3.80	5.27	10.76	1.42	5.85	72.89	0.50	0.93	0.17		3.74	4.80	4.74	0.00					84.03	3.80	7.22	1.90	0.00	0.00	0.00	0.00	3.04	0.00	2527		8.54
JM96-1225/2-GC	1.930	1.92	1.94	2.035	32.3	4.00	0.23	3.84	1.33	8.649	1.1740	0.136	92.61	49.23	41.78	46.84	7.20	5.12	7.68	0.91	2.15	76.93	0.62	0.86	0.17		3.83	5.89	4.52	0.00					88.80	2.32	3.47	0.77	0.00	0.00	0.00	0.00	4.63	0.00	1785		4.60
JM96-1225/2-GC	1.950	1.94	1.96	2.055	32.5	3.72							66.52	36.14	30.71	45.67	4.98	7.82	10.97	1.27	2.51	72.45	0.65	1.07	0.49		5.34	7.36	9.12	0.00					87.50	2.50	1.79	1.79	0.36	0.36	0.00	0.00	5.71	0.00	3751		10.42
JM96-1225/2-GC	1.970	1.96	1.98	2.075	32.6	3.82	0.31	3.78	1.20	10.030	1.2220	0.149	91.07	50.85	43.84	44.16	8.65	6.84	11.86	1.46	1.09	70.10	0.52	1.07	0.55		6.43	8.35	9.26	0.00					86.81	1.83	2.20	1.47	1.10	0.37	0.00	0.37	5.86	0.00	2562		5.84
JM96-1225/2-GC	1.990	1.98	2.00	2.095	32.8	4.19							82.53	47.32	41.52	42.66	6.58	7.66	10.60	1.08	1.78	72.30	0.87	0.96	0.58		4.12	6.82	6.55	0.00					85.16	1.17	3.91	2.73	0.00	0.00	0.00	1.17	5.86	0.00	2537		7.71
JM96-1225/2-GC	2.010	2.00	2.02	2.115	33.0	3.77	0.22	3.58	1.15	8.820	1.0900	0.120	90.91	58.47	51.82	35.68	4.81	4.94	7.51	1.06	32.54	49.15	0.54	1.52	0.58		3.90	6.79	5.13	0.00					86.67	2.35	2.35	2.75	0.00	0.00	0.00	0.78	5.10	0.00	2025		
JM96-1225/2-GC	2.030	2.02	2.04	2.135	33.2	4.03							114.48	70.03	63.65	38.83	3.03	5.17	8.94	1.08	27.60	54.17	0.42	1.29	0.41		3.83	7.35	5.62	0.00					85.31	2.45	3.85	2.10	0.00	0.35	0.00	0.35	5.59	0.00	2157		6.03
JM96-1225/2-GC	2.050	2.04	2.06	2.155	33.4	4.01	0.29	3.75	1.12	15.920	1.9250	0.124	76.98	43.32	37.15	43.73	8.99	7.00	16.58	2.58	3.55	61.29	1.53	2.05	0.51		10.12	16.04	12.27	0.00					86.52	2.19	3.13	1.88	0.31	0.00	0.00	1.57	4.39	0.00	4946		13.78
JM96-1225/2-GC	2.065	2.06	2.07	2.170	33.5	4.02							61.93	37.23	31.12	39.88	10.15	10.06	17.38	2.28	3.28	56.84	1.41	2.47	1.35		8.10	14.52	12.98	0.00					89.08	1.41	2.46	1.76	0.35	0.00	0.00	0.70	4.23	0.00	5257		12.34
JM96-1225/2-GC	2.075	2.07	2.08	2.180	33.6	3.74				12.961	1.6780	0.123	72.70	41.75	32.07	42.57	5.99	10.51	19.18	2.93	3.06	58.34	1.75	2.62	1.71		8.98	17.71	16.21	0.00					88.07	2.56	2.27	2.84	0.00	0.00	0.00	0.85	3.41	0.00	6322		7.98
JM96-1225/2-GC	2.090	2.08	2.10	2.195	33.7	4.05	0.27	3.99	1.48				72.76	40.35	31.92	44.54	8.52	6.08	11.47	1.35	7.08	65.51	0.72	1.07	0.66		7.21	11.09	8.15	0.00					88.48	4.12	2.06	2.06	0.00	0.00	0.00	0.41	2.88	0.00	3654		10.03
JM96-1225/2-GC	2.110	2.10	2.12	2.215	33.9	4.36	0.53	3.68	1.41				87.20	47.20	33.37	45.87	6.83	8.39	15.46	1.77	8.81	58.74	0.75	1.56	0.54		4.85	10.73	7.97	0.00					89.03	3.38	3.38	1.27	0.00	0.00	0.00	0.00	2.95	0.00	3409		15.34
JM96-1225/2-GC	2.130	2.12	2.14	2.235	34.1	4.11	0.31	3.72	1.16				69.18	38.98	31.52	43.65	5.84	4.16	8.53	1.27	2.13	78.08	0.63	0.92	0.48		5.33	9.58	6.54	0.06					92.17	2.30	0.92	0.46	0.00	0.00	0.00	0.46	3.69	0.00	3965		14.21
JM96-1225/2-GC	2.150	2.14	2.16	2.255	34.3	3.91				10.093	1.3210	0.110	86.02	48.25	36.91	43.91	4.61	5.23	14.63	3.44	5.07	67.03	1.98	3.14	1.76		14.31	33.70	20.37	0.00					92.99	0.74	0.74	0.74	0.00	0.00	0.00	0.37	4.43	0.00	4229		6.94
JM96-1225/2-GC	2.170	2.16	2.18	2.275	34.4	3.96	0.23	3.50	0.93				106.78	58.82	50.54	44.91	6.19	5.42	18.52	3.96	6.13	59.77	1.42	2.63	0.83		18.36	21.21	20.89	0.16					91.82	3.18	0.91	0.91	0.00	0.00	0.00	0.91	2.27	0.00	5015		15.20
JM96-1225/2-GC	2.190	2.18	2.20	2.295	34.6	3.87				10.243	1.3280	0.099	89.46	48.50	38.28	45.79	5.49	5.96	16.25	3.11	5.88	63.32	1.93	2.90	0.63		13.27	16.51	15.78	0.00					93.02	1.40	0.93	1.40	0.00	0.00	0.00	0.93	2.33	0.00	4044	0.05	23.41
JM96-1225/2-GC	2.210	2.20	2.22	2.315	34.8	3.81	0.13	4.07	1.35	13.620	1.6480	0.118	99.87	57.30	48.75	42.63	6.71	6.38	19.67	4.90	7.84	54.50	1.89	2.77	1.15		17.72	15.43	29.54	0.00					91.70	0.87	0.44	4.37	0.00	0.00	0.00	0.44	2.18	0.00	4510	0.04	14.44
JM96-1225/2-GC	2.230	2.22	2.24	2.335	35.0	3.59							83.17	47.53	38.29	42.85	7.34	8.78	21.49	2.74	4.00	55.65	1.18	2.01	1.10		9.30	16.40	17.97	0.42					87.69	3.46	1.54	3.08	0.00	0.38	0.00	0.38	3.46	0.00	4889	0.84	15.04
JM96-1225/2-GC	2.250	2.24	2.26	2.355	35.2	3.77		3.67	1.29	11.965	1.5340	0.098	102.46	59.37	51.41	42.06	8.64	8.75	21.79	2.86	2.78	55.18	0.91	1.58	0.53		10.74	10.58	15.56	0.00					90.38	2.09	0.42	3.35	0.00	0.00	0.00	1.26	2.51	0.00	8926	0.06	24.90
JM96-1225/2-GC	2.270	2.26	2.28	2.375	35.3	3.78							105.77	61.68	43.67	41.68	7.83	7.40	15.25	2.29	3.23	64.00	1.58	1.83	0.71		9.62	9.16	15.20	0.00					89.29	2.98	2.38	2.98	0.00	0.00	0.00	0.60	1.79	0.00	4432	0.23	26.38
JM96-1225/2-GC	2.290	2.28	2.30	2.395	35.5	3.79	0.30	3.72	1.10	10.430	1.2660	0.124	90.49	56.57	50.16	37.48	6.50	5.54	8.85	1.83	2.53	74.74	1.12	1.00	0.56		8.21	6.14	10.37	0.00					91.22	2.03	0.34	1.69	0.00	0.00	0.00	0.68	4.05	0.00	1700	12.76	35.09
JM96-1225/2-GC	2.310	2.30	2.32	2.415	35.7	3.28	-0.15	3.95	1.40				101.28	54.65	54.65	46.04	5.67	6.97	13.45	2.76	5.20	65.95																									
JM96-1225/2-GC	2.330	2.32	2.34	2.435	36.0	3.60	0.32	3.54	1.06	4.835	0.7160	0.136	84.03	48.40	43.91	42.40	4.60	5.37	7.26	1.55	4.12	77.09	0.87	1.18	0.50		6.65	7.11	6.47	0.00					90.46	4.20	1.53	1.53	0.00	0.00	0.00	0.00	2.29	0.00	955	14.58	30.61
JM96-1225/2-GC	2.350	2.34	2.36	2.455	36.3	3.70	0.15	3.64	1.39				80.23	45.74	30.86	42.99	4.99	6.29	7.97	1.33	1.62	77.80	0.87	1.36	0.32		4.15	8.94	5.06	0.13					88.49	5.04	1.08	1.80	0.00	0.00	0.00	1.44	2.16	0.00	1622	19.70	32.15
JM96-1225/2-GC	2.370	2.36	2.38	2.475	36.6	3.52	0.29	3.44	0.90	5.930	0.7310	0.164	69.55	38.70	32.25	44.36	5.71	4.84	7.04	1.24	1.52	79.66	0.78	1.64	0.56		3.91	7.19	4.22	0.00					91.70	3.16	0.79	0.79	0.00	0.40	0.00	0.40	2.77	0.00	807	52.59	41.18
JM96-1225/2-GC	2.390	2.38	2.40	2.495	36.9	3.77		3.82	1.53				90.25	50.97	35.57	43.52	4.95	5.45	5.93	0.87	2.19	80.60	0.76	0.84	0.34		3.06	5.57	2.05	0.00					92.80	3.39	0.42	0.85	0.00	0.00	0.00	1.69	0.85	0.00	955	13.49	23.84
JM96-1225/2-GC	2.410	2.40	2.42	2.515	37.2			3.41	0.94	6.081	0.8530	0.123																																			
JM96-1225/2-GC	2.430	2.42	2.44	2.535	37.5	3.97		3.61	1.09				87.33	49.58	36.95	43.23	7.98	10.28	1.68	2.49	0.00	77.56	1.81	1.65	0.68		10.83	9.31	10.28	0.00					93.33	2.22	0.89	0.44	0.00	0.00	0.00	0.00	3.11	0.00	2192	1.73	16.45
JM96-1225/2-GC	2.450	2.44	2.46	2.555	37.8	3.92	0.18	3.82	1.40	8.000	0.9740	0.116	101.35	56.90	47.04	43.86	7.04	6.85	9.29	1.30	3.61	71.92	0.85	1.40	0.30		5.10	8.16	3.95	0.00					92.14	4.80	0.44	0.44	0.00	0.00	0.00	0.00	2.18	0.00	1402	0.68	10.20
JM96-1225/2-GC	2.470	2.46	2.48	2.575	38.2	3.99		3.98	1.61	7.034	0.9460	0.101	86.73	49.51	35.23	42.91	6.84	6.87	8.83	0.97	3.69	72.81	0.60	1.28	0.79		4.03	7.32	4.20	0.00					92.24	1.63	0.00	0.82	0.00	0.00	0.00	0.41	4.90	0.00	1669		13.62
JM96-1225/2-GC	2.490	2.48	2.50	2.595	38.5	3.98	0.51	3.95	1.62	6.910	0.8470	0.151	112.51	66.24	61.09	41.13	6.66	5.70	7.79	1.03	7.78	71.04	0.62	1.28	0.26		2.36	5.83	3.73	0.00					92.00	1.78	0.00	0.89	0.00	0.00	0.00	0.44	4.89	0.00	1061	0.00	3.14
JM96-1225/2-GC	2.510	2.50	2.52	2.615	38.8	4.14	0.41	3.94	1.29				104.92	55.71	55.71	46.90	4.24	6.30	10.25	0.99	1.85	76.38	0.43	0.63	0.32		1.47	4.27	3.63	0.00					90.25	3.81	1.69	1.27	0.00	0.00	0.00	0.85	2.12	0.00	1525	0.00	4.60
JM96-1225/2-GC	2.530	2.52	2.54	2.635	39.1	3.90	-0.02	4.14	1.21	12.060	1.4630	0.131	98.30	57.53	48.01	41.48	8.25	5.92	13.64	2.15	3.46	66.59	1.00	1.96	0.75		8.12	14.46	9.91	0.00					91.58	1.35	2.02	1.01	0.00	0.00	0.00	0.67	3.37	0.00	4454	0.00	6.67
JM96-1225/2-GC	2.550	2.54	2.56	2.655	39.4	3.82		3.89	1.55	14.264	1.7990	0.087	117.70	69.64	51.79	40.83	7.76	9.19	17.69	2.57	5.60	57.19	0.71	2.16	0.85		10.89	19.46	18.30	0.00					90.13	1.72	0.86	1.72	0.00	0.00	0.00	1.72	3.86	0.00	6478	0.00	24.72
JM96-1225/2-GC	2.570	2.56	2.58	2.675	39.7	4.20	0.45	3.86	1.48	10.030	1.2200	0.135	110.08	63.15	57.66	42.63	7.77	6.83	11.27	1.66	2.10	70.36	0.64	1.47	0.73		4.23	12.83	7.21	0.00					89.96	3.49	1.31	0.87	0.00	0.00	0.00	1.31	3.06	0.00	2860	0.00	6.66
JM96-1225/2-GC	2.590	2.58	2.60	2.695	40.0	3.96	0.52	3.56	1.66	8.295	1.1410	0.146	82.58	48.63	38.90	41.11	5.17	5.71	8.35	1.23	4.58	74.96	0.95	1.47	0.59		2.88	11.11	8.02	0.00					91.82	1.82	0.45	1.36	0.00	0.00	0.00	0.45	4.09	0.00	1629	0.00	4.11
JM96-1225/2-GC	2.610	2.60	2.62	2.715	40.3	4.15	0.58	4.16	1.52	11.980	1.4530	0.125	89.17	53.37	47.78	40.15	6.45	6.70	14.61	3.03	5.53	63.69	0.94	3.83	0.86		5.36	19.84	16.16	0.00					93.80	1.09	0.73	0.36	0.36	0.00	0.00	1.09	2.55	0.00	4129	0.00	1.34
JM96-1225/2-GC	2.630	2.62	2.64	2.735	40.6	3.38	0.48	3.36	1.36	11.892	1.5280	0.100	107.96	64.95	50.06	39.84	7.65	8.57	8.49	1.54	17.08	56.67	0.60	2.32	0.76		3.32	15.70	9.07	0.04					81.03	3.02	5.60	3.45	0.00	0.00	0.00	3.45	3.45	0.00	185	0.00	4.47
JM96-1225/2-GC	2.650	2.64	2.66	2.755	40.9	3.97	0.46	4.08	1.64	13.760	1.6670	0.135	88.39	49.28	42.66	44.25	8.93	6.80	14.56	1.95	5.37	62.40	0.91	1.66	0.68		5.20	12.24	14.81	0.00					87.61	1.51	3.63	1.21	0.00	0.00	0.00	2.11	3.93	0.00	5586	0.00	6.00
JM96-1225/2-GC	2.670	2.66	2.68	2.775	41.2	3.43		3.55	1.34	10.041	1.3200	0.115	84.88	48.33	33.73	43.06	7.44	8.78	11.86	1.99	4.62	65.31	1.01	1.10	1.60		3.62	9.37	17.14	0.00					86.76	1.84	4.41	2.21	0.37	0.00	0.00	1.10	3.31	0.00	3871	0.00	8.54
JM96-1225/2-GC	2.690	2.68	2.70	2.795	41.5	3.80	0.46	3.96	1.46	8.230	1.0050	0.150	110.16	63.51	54.63	42.35	7.83	6.83	12.72	1.57	2.12	68.92	0.40	1.15	0.86		5.49	6.96	19.92	0.00					90.34	2.52	2.52	0.84	0.00	0.42	0.00	1.26	2.10	0.00	2091	1.17	3.51
JM96-1225/2-GC	2.710	2.70	2.72	2.815	41.8	4.12	0.52	3.62	0.90				98.91	54.72	54.72	44.68	4.99	6.34	17.91	2.70	1.33	66.72	0.29	1.01	1.13		7.02	10.09	33.63	0.00					88.61	3.16	3.16	1.90	0.00	0.00	0.00	0.63	2.53	0.00	2079	2.34	10.53
JM96-1225/2-GC	2.730	2.72	2.74	2.835	42.2	3.80	0.45	4.09	1.45	13.640	1.6520	0.129	99.78	55.90	45.34	43.98	6.82	6.00	15.44	2.16	2.45	67.14	0.31	2.38	0.33		2.78	11.42	5.82	0.00					85.33	2.22	0.89	2.22	0.00	0.44	0.00	2.67	6.22	0.00	4764	2.82	16.94
JM96-1225/2-GC	2.750	2.74	2.76	2.855	42.5	3.93		3.66	1.17	14.732	1.8670	0.099	93.41	53.28	41.34	42.96	0.17	7.84	18.99	2.25	9.60	61.15	0.85	2.71	0.56		4.98	19.50	8.18	0.00					80.46	4.21	7.66	2.30	0.38	0.00	0.00	1.92	3.07	0.00	4546		7.74
JM96-1225/2-GC	2.770	2.76	2.78	2.875	42.8	3.79	0.42	3.69	1.17	19.460	2.3480	0.107	95.02	56.86	45.05	40.16	9.08	8.12	24.64	3.04	4.06	51.05	0.89	2.82	1.22		5.86	18.38	12.34	0.09					87.16	1.83	2.75	3.21	0.00	0.00	0.00	0.46	4.59	0.00	9291	2.84	36.94
JM96-1225/2-GC	2.790	2.78	2.80	2.895	43.1	3.73		3.47	1.07	15.219	1.9130	0.086	103.80	59.20	44.11	42.97	0.16	7.50	17.68	2.43	7.53	64.70	0.73	1.95	0.66		2.58	10.20	7.44	0.00					81.63	2.86	4.90	2.86	0.00	0.00	0.00	2.04	5.71	0.00	7998	0.00	8.71
JM96-1225/2-GC	2.810	2.80	2.82	2.915	43.4	4.04	0.58	3.63	1.15	6.720	0.8220	0.129	74.03	41.11	32.17	44.47	6.47	4.66	8.11	1.59	3.67	75.51	0.34	2.05	0.50		1.31	10.57	5.66	0.00					89.79	1.28	2.13	1.28	0.00	0.00	0.00	0.85	4.68	0.00	1753	0.00	3.98
JM96-1225/2-GC	2.830	2.82	2.84	2.935	43.7	4.06		3.85	1.54	5.976	0.8450	0.128	95.20	51.86	39.31	45.53	0.08	3.97	13.18	2.98	4.43	75.38	0.61	2.01	0.71		1.83	11.50	6.51	0.00					85.65	5.22	3.04	2.17	0.00	0.00	0.00	0.00	3.91	0.00	1872	0.00	13.02
JM96-1225/2-GC	2.850	2.84	2.86	2.955	44.0	4.18	0.23	4.11	1.80	10.970	1.3310	0.125	93.95	50.03	39.02	46.75	5.84	5.28	12.63	2.54	10.58	63.12	0.74	3.79	0.67		2.92	14.97	7.12	0.00					91.78	3.08	0.68	0.68	0.00	0.34	0.00	0.34	3.08	0.00	3592	0.00	4.92
JM96-1225/2-GC	2.870	2.86	2.88	2.975	44.3	4.05		3.87	1.35	10.162	1.3160	0.096	86.93	46.06	34.39	47.01	0.23	6.37	17.45	4.22	7.07	64.67	0.76	3.11	0.52		3.14	16.98	10.47	0.00					90.22	1.78	2.67	1.33	0.00	0.00	0.00	0.44	3.56	0.00	4711	0.00	11.17
JM96-1225/2-GC	2.890	2.88	2.90	2.995	44.6	3.79	0.07	4.08	1.58	12.870	1.5590	0.126	94.04	51.43	41.63	45.31	6.46	7.16	13.40	1.35	3.60	68.03	0.31	1.27	0.41		2.02	8.46	5.28	0.00					93.46	2.80	0.47	0.47	0.00	0.00	0.00	0.00	2.80	0.00	4935	0.00	7.69
JM96-1225/2-GC	2.910	2.90	2.92	3.015	44.9	4.14	0.50	3.79	0.96				100.59	55.71	55.71	44.62	3.79	5.28	24.30	4.16	8.53	53.94	0.99	2.85	0.75		4.95	16.94	11.99	0.22					89.08	3.49	0.00	2.18	0.00	0.00	0.00	0.00	5.24	0.00	3946	0.00	27.57
JM96-1225/2-GC	2.930	2.92	2.94	3.035	45.2	4.11	0.43	3.80	1.14	10.260	1.2500	0.154	94.75	54.02	46.38	42.99	5.15	4.51	11.25	2.03	10.80	66.26	0.43	2.98	0.93		2.89	12.76	5.86	0.00					91.60	1.68	1.68	1.68	0.00	0.00	0.00	1.26	2.10	0.00	2111	0.00	2.76
JM96-1225/2-GC	2.950	2.94	2.96	3.055	45.5	3.86		3.84	1.57	9.152	1.2240	0.126	91.94	52.49	36.13	42.91	0.08	3.35	11.98	3.49	16.58	64.52	0.39	3.40	0.80		2.71	15.06	8.86	0.00					91.58	1.49	0.99	0.99	0.00	0.00	0.00	1.49	3.47	0.00	2684	0.00	10.63
JM96-1225/2-GC	2.970	2.96	2.98	3.075	45.8	3.95	0.37	4.20	1.65	8.170	1.0000	0.159	72.00	40.79	30.06	43.35	5.16	4.16	10.05	2.03	7.39	71.22	0.60	3.83	0.90		1.73	15.17	6.19	0.00					92.95	3.08	0.00	0.44	0.00	0.00	0.00	0.00	3.52	0.00	2719	0.00	4.26
JM96-1225/2-GC	2.990	2.98	3.00	3.095	46.2	3.85		4.02	1.59	7.352	1.0480	0.165	88.42	47.61	33.47	46.15	0.12	3.14	8.10	2.03	6.21	80.40	0.39	2.81	0.48		1.20	13.39	4.90	0.00				35.00	93.85	2.31	0.00	0.00	0.00	0.00	0.00	0.00	3.85	0.00	2797	0.00	5.74
JM96-1225/2-GC	3.010	3.00	3.02	3.115	46.5	4.10	0.27	3.97	1.49	9.710	1.1860	0.174	83.26	49.37	42.18	40.70	3.65	2.87	7.80	1.23	21.76	62.68	0.17	1.97	0.31		1.28	10.91	3.32	0.00				35.00	94.61	3.03	0.00	0.00	0.00	0.00	0.00	0.00	2.36	0.00	2535	0.00	1.52
JM96-1225/2-GC	3.030	3.02	3.04	3.135	46.8	3.59				8.777	1.2090	0.156	136.26	109.12	103.72	19.92	1.36	1.21	1.82	0.47	75.35	19.79	0.10	0.71	0.13		0.31	3.88	0.79	0.04				40.00	96.28	2.07	0.41	0.41	0.00	0.00	0.00	0.00	0.83	0.00	336	0.00	1.39
JM96-1225/2-GC	3.050	3.04	3.06	3.155	47.1	4.15	0.34	3.82	1.18	12.320	1.4980	0.165	83.40	44.13	36.99	47.09	3.89	3.70	9.38	1.70	7.03	74.29	0.49	2.51	0.38		1.68	14.49	5.35	0.00				37.00	93.86	0.88	0.88	0.44	0.00	0.00	0.00	0.00	3.95	0.00	4438	0.00	5.19
JM96-1225/2-GC	3.070	3.06	3.08	3.175	47.4	4.01				11.887	1.5810	0.155	93.44	52.01	40.71	44.34	4.69	5.63	13.39	3.17	12.36	60.77	0.66	3.41	0.79		1.97	21.32	4.86	0.44			31.44	235.81	87.84	4.50	0.45	0.90	0.00	0.00	0.00	1.80	4.50	0.00	3926	0.00	8.65
JM96-1225/2-GC	3.090	3.08	3.10	3.195	47.7	4.18	0.25	3.80	1.44	14.360	1.7410	0.151	84.72	49.16	43.14	41.97	5.89	5.24	21.07	1.95	7.42	58.44	0.42	2.43	0.30		1.58	18.59	4.40	0.09			54.89	470.28	93.93	1.60	0.64	0.64	0.00	0.00	0.00	0.32	2.88	0.00	10448		5.93
JM96-1225/2-GC	3.110	3.10	3.12	3.215	48.0	3.83	-0.02	4.14	1.62				122.57	72.11	72.11	41.17	4.35	6.17	21.49	2.19	15.52	50.27	0.25	3.13	0.44		1.00	17.97	6.16	4.66			78.10	486.37	91.30	3.26	2.72	1.09	0.00	0.00	0.00	0.00	1.63	0.00	3674	0.00	19.53
JM96-1225/2-GC	3.130	3.12	3.14	3.235	48.3	3.66	0.05	3.69	1.26	17.300	2.0920	0.132	100.56	59.80	53.50	40.53	7.55	8.36	20.26	1.96	5.14	56.73	0.39	3.14	0.75		2.54	14.65	6.58	0.37			59.81	698.62	87.06	3.15	1.05	3.15	0.00	0.00	0.00	0.70	4.90	0.00	10264	0.00	11.96
JM96-1225/2-GC	3.150	3.14	3.16	3.255	48.6	3.78				19.416	2.4330	0.103	116.89	72.18	55.43	38.25	9.62	11.69	29.19	2.38	6.78	40.34	0.27	2.24	0.65		2.09	15.66	7.29	4.47			133.93	1570.27	86.96	2.01	3.68	1.34	0.00	0.00	0.00	1.00	5.02	0.00	15535	0.00	60.04
JM96-1225/2-GC	3.170	3.16	3.18	3.275	48.9	3.75	0.20	3.68	1.32	21.960	2.6480	0.105	94.48	57.67	49.38	38.96	8.61	12.13	28.68	1.36	0.93	48.30	0.22	1.48	0.45		1.62	13.12	6.68	1.30			93.32	1840.42	82.76	3.88	2.16	5.60	0.00	0.43	0.00	1.29	3.88	0.00	13531	0.00	31.11
JM96-1225/2-GC	3.190	3.18	3.20	3.295	49.2	3.56				20.547	2.5380	0.072	99.84	61.16	43.23	38.74	12.51	13.81	27.18	1.04	0.76	44.69	0.23	0.69	0.42		2.04	4.81	4.53	4.21			76.98	855.70	86.67	4.58	1.67	3.75	0.00	0.00	0.00	1.25	2.08	0.00	10659	2.96	41.45
JM96-1225/2-GC	3.210	3.20	3.22	3.315	49.5	3.19	-0.18	3.79	1.45	11.850	1.4370	0.122	89.09	51.44	45.63	42.26	10.83	10.78	14.92	0.64	0.48	62.35																									
JM96-1225/2-GC	3.230	3.22	3.24	3.335	49.8	3.43				5.905	0.8050	0.096	85.41	48.22	37.74	43.54	9.49	10.12	11.34	0.56	0.77	67.73	0.05	0.16	0.42		0.82	2.25	3.90	0.58			30.52	556.23	86.79	3.30	0.94	4.72	0.00	0.00	0.00	1.42	2.83	0.00	2311	0.00	5.09
JM96-1225/2-GC	3.250	3.24	3.26	3.355	50.2	3.55	-0.01	3.58	1.35	5.400	0.6570	0.075	101.14	56.68	47.33	43.96	12.72	13.08	14.01	0.21	0.13	59.86	0.06	0.06	0.02		0.34	0.93	2.01	2.16			16.23	608.49	74.80	5.12	8.66	6.69	0.00	0.39	0.00	2.36	1.97	0.00	773	0.00	9.47
JM96-1225/2-GC	3.270	3.26	3.28	3.375	50.5	3.49				3.673	0.4930	0.052	69.39	39.27	37.84	43.41	9.73	12.71	17.71	0.37	0.24	59.25	0.05	0.11	0.32		0.55	1.51	3.04	3.54			13.53	778.01	82.65	4.11	3.65	4.11	0.00	0.00	0.00	1.83	3.65	0.00	741	1.69	10.15
JM96-1225/2-GC	3.290	3.28	3.30	3.395	50.8	3.80	0.13	3.85	1.33	3.930	0.4790	0.065	120.86	71.96	64.64	40.46	10.91	14.39	21.80	1.38	1.36	50.17	0.40	1.02	1.04		3.37	7.52	9.56	1.98			45.54	637.62	93.95	2.79	0.93	0.93	0.00	0.00	0.00	0.47	0.93	0.00	2395	0.00	5.94
JM96-1225/2-GC	3.310	3.30	3.32	3.415	51.1	3.23		3.52	1.35	3.515	0.4910	0.069	62.09	38.76	30.91	37.57	11.61	12.46	9.45	0.97	11.06	54.45	0.29	0.74	0.58		2.30	9.71	5.50	0.23			17.60	310.58	93.86	2.63	0.88	0.88	0.00	0.00	0.00	0.00	1.75	0.00	118	0.00	5.18
JM96-1225/2-GC	3.330	3.32	3.34	3.435	51.4	3.74	0.30	3.77	1.48	3.480	0.4290	0.093	34.74	21.59	15.62	37.85	10.18	3.39	9.22	0.70	0.77	75.74	0.19	0.58	0.90		3.01	6.02	8.58	1.09			5.12	312.42	91.07	1.79	1.34	0.89	0.45	0.00	0.00	0.45	4.02	0.00	449	0.00	3.07
JM96-1225/2-GC	3.350	3.34	3.36	3.455	51.7	3.70	0.15						95.62	57.44	57.44	39.93	9.30	11.23	15.42	1.27	0.73	62.05	0.28	0.17	1.03		3.62	7.45	13.58	13.02			75.77	612.81	91.96	1.79	1.79	0.89	0.00	0.00	0.00	0.89	2.68	0.00	250	0.00	6.69
JM96-1225/2-GC	3.370	3.36	3.38	3.475	52.0	3.65	0.05	3.50	1.16	1.020	0.1270	0.036	80.67	50.81	43.79	37.01	12.13	10.05	12.40	0.53	0.46	64.44	0.16	0.34	0.46		1.00	2.22	3.79	4.52			26.31	561.22	92.59	2.31	1.39	0.00	0.00	0.00	0.00	0.46	3.24	0.00	418	0.00	2.92
JM96-1225/2-GC	3.390	3.38	3.40	3.495	52.3	3.42		3.60	1.27	14.956	1.9320	0.137	77.78	44.63	36.01	42.62	5.94	7.64	13.19	2.28	5.67	65.29	0.39	2.14	2.22		1.44	10.66	15.27	1.33			74.65	37.32	87.93	3.88	2.16	3.02	0.00	0.00	0.00	0.43	2.59	0.00	4639	0.00	7.11
JM96-1225/2-GC	3.410	3.40	3.42	3.515	52.6	4.00	0.04	3.72	1.14	15.660	1.9010	0.181	63.60	37.48	26.20	41.07	8.02	5.84	16.37	1.79	1.91	66.07	0.34	1.30	0.23		1.98	14.35	8.09	0.08			200.31	39.08	88.46	1.92	1.44	2.88	0.00	0.00	0.00	0.48	4.81	0.00	5716	0.00	13.44
JM96-1225/2-GC	3.430	3.42	3.44	3.535	52.9	3.88		3.46	0.86	16.515	2.1440	0.162	66.69	41.05	34.22	38.45	1.55	1.32	35.62	3.62	4.12	53.77	0.38	3.21	0.99		2.92	25.60	14.96	0.00			0.00	37.00	89.59	3.17	3.17	0.90	0.00	0.00	0.00	0.90	2.26	0.00	12400	0.00	29.92
JM96-1225/2-GC	3.450	3.44	3.46	3.555	53.2	3.69	-0.07	3.61	0.99	15.160	1.8390	0.164	99.36	65.56	54.40	34.02	7.67	5.68	16.80	2.43	26.75	40.68	0.39	3.22	0.61		2.50	15.66	12.65	0.00				35.00	89.80	3.27	2.04	0.82	0.00	0.00	0.00	1.63	2.45	0.00	6485	0.00	15.29
JM96-1225/2-GC	3.470	3.46	3.48	3.575	53.5	3.82		3.25	0.84	15.220	1.9890	0.163	96.76	59.89	48.94	38.10	7.58	12.28	25.56	5.46	4.70	44.42	0.37	3.09	1.68		4.58	23.21	38.58	0.00					85.88	4.71	4.71	1.57	0.00	0.00	0.00	1.57	1.57	0.00	10004	0.00	28.77
JM96-1225/2-GC	3.490	3.48	3.50	3.595	53.8	3.64	-0.15	3.16	0.67	11.640	1.4180	0.181	85.71	51.50	43.29	39.91	11.09	9.01	14.55	1.20	0.85	63.29	0.16	0.79	0.21		1.57	8.32	8.18	0.00					88.70	2.93	4.60	1.67	0.00	0.00	0.00	0.84	1.26	0.00	7950	0.00	5.91
JM96-1225/2-GC	3.515	3.50	3.53	3.620	54.2	3.78	0.12	3.61	0.98	11.920	1.6490	0.219			50.00							77.46	0.16	0.46	0.40		1.24	4.52	5.12	0.00					83.27	1.49	5.58	5.20	0.00	0.37	0.00	1.12	2.97	0.00	3874	0.00	5.12
JM96-1225/2-GC	3.540	3.53	3.55	3.645	54.6	3.90	-0.02	4.14	1.21				90.09	52.54	52.54	41.68	12.28	12.66	17.80	4.61	4.26	48.40																									
JM96-1225/2-GC	3.550	3.54	3.56	3.655	54.8	3.36	-0.08	3.58	0.90	12.380	1.5180	0.267	55.33	32.69	23.01	40.92	9.65	5.48	9.30	1.17	2.52	71.88	0.13	1.26	0.74		1.65	7.95	9.60	0.04					85.39	3.65	5.02	3.65	0.00	0.00	0.00	0.46	1.83	0.00	3426	0.00	11.13
JM96-1225/2-GC	3.570	3.56	3.58	3.675	55.1	3.46		3.46	1.47	20.209	2.5820	0.157	104.64	63.92	54.29	38.91	5.03	6.52	13.85	3.72	21.96	48.92	0.20	1.27	0.35		1.62	9.87	9.58	0.00					87.09	1.99	3.31	3.64	0.00	0.00	0.00	0.99	2.98	0.00	5340	0.00	15.33
JM96-1225/2-GC	3.590	3.58	3.60	3.695	55.4	3.96	0.52	3.56	1.66	10.700	1.2950	0.094	93.78	58.00	50.13	38.15	4.99	4.39	11.47	3.15	16.08	59.92	0.64	2.25	0.38		2.47	12.53	4.71	0.00					91.23	4.21	0.70	1.75	0.00	0.00	0.00	0.35	1.75	0.00	2729	0.00	8.94
JM96-1225/2-GC	3.610	3.60	3.62	3.715	55.7	3.36		3.30	1.09	5.764	0.7660	0.075	75.41	43.10	32.39	42.85	5.62	5.93	13.80	4.94	11.21	58.51	0.40	2.04	0.80		2.47	9.39	10.50	0.00					89.19	1.35	2.25	4.95	0.00	0.45	0.00	0.45	1.35	0.00	1974	0.00	6.92
JM96-1225/2-GC	3.630	3.62	3.64	3.735	56.0	3.38	0.48	3.36	1.36	5.080	0.6230	0.112	99.93	53.46	46.22	46.50	5.04	4.82	11.60	4.13	3.42	70.99	0.41	1.71	0.74		3.98	14.71	14.71	0.00					92.44	3.36	0.84	1.26	0.00	0.00	0.00	0.84	1.26	0.00	1483	0.00	2.08
JM96-1225/2-GC	3.650	3.64	3.66	3.755	56.3	3.05		3.37	1.10	4.987	0.6880	0.089	87.98	48.33	36.08	45.07	5.49	6.49	12.42	3.27	12.31	60.03	0.42	1.22	1.08		2.99	5.99	15.30	0.00					95.41	2.55	0.51	1.02	0.00	0.00	0.00	0.00	0.51	0.00	1043	0.00	3.55
JM96-1225/2-GC	3.670	3.66	3.68	3.775	56.6	3.46	0.38	3.14	1.20	5.210	0.6360	0.091	72.93	40.39	32.58	44.62	5.77	5.13	12.12	3.01	3.99	69.98	0.61	1.50	1.41		3.44	6.75	25.66	0.00					93.09	4.15	0.46	0.92	0.00	0.00	0.00	0.00	1.38	0.00	1066	0.00	3.93
JM96-1225/2-GC	3.690	3.68	3.70	3.795	56.9	3.34	0.54	3.93	1.72	6.260	0.7620	0.092	54.09	30.91	21.50	42.85	5.81	4.93	14.56	3.77	10.09	60.84	0.65	2.79	1.72		4.28	8.28	25.95	0.00					93.75	1.95	0.78	1.56	0.00	0.00	0.00	0.78	1.17	0.00	2858	0.00	1.49
