Depth sed [m]	N. pachyderma s [%]	N. pachyderma s [#]	Foram plankt indet [#]	Foram plankt [#/10 cm**3]	N. pachyderma s [#/g]	Foram plankt indet [#/g]
0.01	100.0	6	6	1	0	0.1
0.02	100.0	5	5	1	0	0.2
0.03		0	0	0	0	0.0
0.04		0	0	0	0	0.0
0.05		0	0	0	0	0.0
0.06		0	0	0	0	0.0
0.07		0	0	0	0	0.0
0.08		0	0	0	0	0.0
0.09		0	0	0	0	0.0
0.10		0	0	0		
0.11		0	0	0	0	0.0
0.12		0	0	0	0	0.0
0.13	100.0	9	9	2	0	0.2
0.14	96.9	312	322	57	7	7.1
0.15	100.0	1790	1790	317	60	59.7
0.16	98.5	5364	5444	964	130	131.4
0.17	98.1	2430	2478	439	54	55.0
0.18	97.6	6462	6622	1172	143	146.9
0.19	97.2	7788	8012	1180	128	132.1
0.20	98.1	4846	4942	714		
0.21	98.7	1218	1234	726	40	40.6
0.22	97.4	1974	2026	359	48	48.8
0.23	97.9	503	514	91	14	14.1
0.24	97.1	1008	1038	184	21	22.0
0.25	98.0	590	602	107	12	12.6
0.26	96.5	442	458	81	13	13.6
0.27	97.6	1462	1498	265	28	28.2
0.28	97.1	2278	2346	415	80	82.0
0.29	98.8	3822	3870	685	92	93.4
0.30	98.1	5102	5198	695		
0.31	97.3	2022	2078	734	112	114.7
0.32	97.0	2102	2166	383	58	59.3
0.33	97.0	287	296	52	7	7.4
0.34	97.1	472	486	86	9	9.6
0.35	100.0	286	286	51	7	7.2
0.36	97.5	78	80	14	2	2.0
0.37	100.0	29	29	5	1	0.9
0.38	97.2	69	71	13	2	1.8
0.39	100.0	25	25	4	1	0.8
0.40	97.1	66	68	24	2	2.0
0.41	95.5	64	67	9		
0.42	98.2	534	544	96	12	12.6
0.43	98.3	4606	4686	829	111	113.4
0.44	97.0	6702	6910	1223	187	192.8
0.45	97.6	5446	5582	988	136	139.8
0.46	96.6	8302	8590	1520	221	228.6
0.47	96.6	4974	5150	912	108	111.8
0.48	97.8	6364	6508	1152	173	176.8
0.49	98.5	4158	4222	747	91	92.0
0.50	97.3	1466	1506	201		
0.51	97.2	2230	2294	811	56	57.7
0.52	97.5	2494	2558	453	65	66.6
0.53	95.1	4158	4238	750	150	153.1
0.54	98.2	5118	5214	923	156	159.2
0.55	97.8	5638	5766	1021	211	215.7
0.56	98.4	11454	11646	2061	249	253.4
0.57	98.8	7998	8094	1433	245	248.0
0.58	96.9	9982	10302	1823	289	298.0
0.59	95.7	15550	16254	2877	385	402.1
0.60	98.1	11390	11614	1553		
0.61	97.1	4846	4990	1763	372	383.1
0.62	97.6	14046	14398	2548	440	451.2
0.63	96.2	8894	9246	1636	291	302.8
0.64	96.5	9246	9582	1696	296	307.1
0.65	98.3	14122	14363	2542	510	519.0
0.66	94.9	8686	9150	1619	265	279.0
0.67	96.8	7674	7914	1401	281	290.1
0.68	96.6	6270	6494	1149	222	229.5
0.69	96.1	11870	12350	2186	279	290.2
0.70	97.6	9790	10030	2152		
0.71	97.4	6494	6670	1181	302	310.2
0.72	94.8	10078	10622	1880	369	388.6
0.73	97.0	13342	13758	2435	455	469.4
0.74	96.5	33118	34334	6077	844	874.9
0.75	97.9	14718	15038	2662	616	629.0
0.76	96.3	18142	18846	3336	518	538.2
0.77	97.4	9406	9662	1710	367	377.5
0.78	93.9	10302	10974	1942	309	328.9
0.79	94.3	4734	5022	1268	337	357.8
0.80	96.9	14958	15438	2064		
0.81	94.5	15422	16318	3610	511	540.8
0.82	94.2	17086	18142	3211	481	511.0
0.83	91.7	13790	15038	2662	572	623.5
0.84	94.9	28766	30302	5363	799	841.8
0.85	96.2	19694	20462	3622	613	637.1
0.86	92.8	18846	20318	3596	705	760.0
0.87	95.9	28126	29342	5193	726	757.2
0.88	95.0	19422	20446	3619	736	775.2
0.89	94.3	29406	31198	5522	792	840.5
0.90	95.2	21470	22558	4841		
0.91	95.6	27550	28830	5103	782	818.0
0.92	94.8	19870	20958	3709	641	676.4
0.93	97.1	19102	19678	3483	713	734.4
0.94	95.7	25950	27102	4797	785	820.1
0.95	97.7	20254	20734	3670	847	867.2
0.96	94.3	23326	24734	4378	792	839.6
0.97	95.5	38174	39966	7074	877	918.4
0.98	95.7	14366	15006	2006		
0.99	96.1	27102	28190	9961	873	907.9
1.00	97.5	18654	19134	3387	514	527.7
1.01	96.5	28382	29406	5205	854	885.1
1.02	97.7	18654	19102	3381	680	696.8
1.03	96.8	25438	26270	4650	832	858.8
1.04	95.2	45726	48030	8501	1312	1378.4
1.05	95.8	44318	46238	8184	1296	1351.8
1.06	96.0	27998	29150	5159	1122	1168.4
1.07	95.2	53534	56222	9951	1245	1307.5
1.08	96.6	29022	30046	3543	874	905.0
1.10	96.6	27294	28254	3777		
1.11	98.0	21790	22238	7858	1127	1150.0
1.12	97.0	26782	27614	4887	914	941.9
1.13	95.9	26782	27934	4944	826	862.0
1.14	96.4	39582	41054	7266	1052	1091.0
1.15	96.0	49054	51102	9045	1154	1202.0
1.16	97.0	42910	44254	7833	1388	1431.9
1.17	97.9	53790	54942	9724	1729	1766.1
1.18	97.6	46366	47518	10513	1556	1594.2
1.19	98.3	67742	68894	12194	1394	1417.6
1.20	97.5	49038	50319	6727		
1.21	98.8	21470	21726	7677	1090	1103.4
1.22	98.8	31006	31390	5556	908	919.1
1.23	98.2	31390	31966	5658	581	591.8
1.24	98.8	15294	15486	2741	490	495.8
1.25	98.6	22046	22366	3959	705	714.8
1.26	97.4	18174	18654	3302	543	557.5
1.27	98.6	26206	26590	4706	814	825.7
1.28	98.9	23134	23390	4140	790	799.1
1.29	96.0	13694	14270	5042	628	654.6
1.30	98.4	27934	28382	3794		0.0
1.31	98.2	47902	48798	8637	1311	1335.4
1.32	96.6	25310	26206	4638	1032	1068.9
1.33	98.1	46110	47006	8320	1518	1547.4
1.34	96.7	31902	32990	5839	1227	1269.3
1.35	99.0	38238	38622	6836	991	1001.4
1.36	96.3	64158	66590	11786	1655	1717.8
1.37	97.3	65518	67310	11913	1864	1914.7
1.38	98.6	32607	33055	5850	1528	1549.0
1.39	97.2	20062	20638	7293	985	1013.4
1.40	99.5	52901	53159	7107		
1.41	97.5	18942	19422	3438	1032	1058.5
1.42	96.8	26910	27806	4921	870	899.4
1.43	96.2	27486	28574	5057	644	669.5
1.44	96.7	20638	21345	3778	543	561.7
1.45	96.8	20446	21118	3738	566	585.1
1.46	97.4	16926	17374	3075	460	472.6
1.47	97.2	18622	19166	3392	555	571.2
1.48	96.5	18750	19422	3438	439	454.7
1.49	94.9	8958	9438	2088	250	263.2
1.50	97.5	8862	9086	1215		
1.51	94.9	8958	9438	2383	265	278.9
1.52	96.7	6574	6798	1203	204	210.5
1.53	97.2	9822	10110	1789	334	343.8
1.54	96.8	9598	9918	1755	276	285.2
1.55	97.4	10190	10462	1852	275	281.9
1.56	96.1	15678	16318	2888	341	354.4
1.57	95.2	18558	19486	3449	560	587.7
1.58	95.7	18494	19326	3421	524	547.2
1.59	96.2	9662	10046	2223	341	354.6
1.60	95.9	15614	16286	2177		
1.61	97.4	6606	6782	1713	299	307.1
1.62	96.7	5694	5886	1042	178	184.1
1.63	97.0	5710	5886	1042	158	162.7
1.64	95.5	6126	6414	1135	129	134.6
1.65	97.8	4846	4958	878	138	141.2
1.66	97.4	5454	5598	991	130	133.9
1.67	95.7	6430	6718	1189	148	154.5
1.68	97.5	12318	12638	2237	325	333.7
1.69	97.7	6766	6926	1749	396	405.6
1.70	99.5	25010	25138	3361		
1.71	97.7	9374	9598	2123	482	493.3
1.72	96.6	28766	29790	5263	882	913.8
1.73	98.9	23070	23326	4128	765	774.0
1.74	98.0	28382	28958	5125	788	804.5
1.75	99.0	20254	20446	3619	461	465.4
1.76	98.4	18014	18302	3239	516	523.8
1.77	99.5	12382	12446	2203	412	414.2
1.78	97.9	10558	10782	1908	286	291.8
1.79	99.0	3182	3214	711	64	64.5
1.80	99.2	1410	1422	190		
1.81	97.4	1210	1242	314	36	36.8
1.82	99.1	1274	1286	228	38	38.6
1.83	100.0	722	722	128	17	17.2
1.84	97.0	382	394	70	11	10.8
1.85	100.0	614	614	109	14	14.0
1.86	95.9	470	490	87	10	10.9
1.87	98.9	346	350	62	12	12.3
1.88	99.3	295	297	53	8	7.9
1.89	97.3	460	473	119	23	24.1
1.90	99.4	1434	1442	193		
1.91	98.8	4008	4056	897	183	185.4
1.92	99.5	8958	9006	1594	227	228.4
1.93	99.2	18878	19038	3370	425	428.6
1.94	98.4	986	1074	190	27	29.6
1.95	99.3	8862	8926	1580	253	254.6
1.96	98.5	4222	4286	759	142	143.8
1.97	98.9	2190	2214	392	73	73.6
1.98	97.0	7150	7374	1305	183	188.2
1.99	98.4	8718	8862	1568	241	245.0
2.00	99.4	10014	10078	1347		
2.01	99.3	1794	1806	638	178	179.4
2.02	97.7	3774	3862	684	114	116.4
2.03	97.8	3846	3934	696	102	104.6
2.04	97.3	1022	1050	186	32	32.6
2.05	99.3	5142	5178	916	148	148.8
2.06	97.4	1782	1830	324	54	55.0
2.07	98.2	1294	1318	233	37	37.4
2.08	96.9	284	293	52	9	9.7
2.09	99.1	459	463	82	11	10.9
2.10	99.3	3494	3518	470		
2.11	100.0	1206	1206	426	227	227.5
2.12	97.9	8142	8318	1472	211	215.8
2.13	97.8	5646	5774	1022	236	241.5
2.14	97.5	7614	7806	1382	182	186.5
2.15	98.8	6574	6654	1178	179	180.8
2.16	98.6	5710	5790	1025	137	139.1
2.17	98.2	4286	4366	773	92	93.4
2.18	97.7	2750	2814	498	80	82.2
2.19	96.3	3534	3670	650	73	75.7
2.20	97.9	2939	3003	519		
2.21	95.4	2262	2370	524	108	113.3
2.22	93.5	2310	2470	437	94	100.4
2.23	97.6	6382	6542	1158	127	130.3
2.24	98.0	4718	4814	852	134	136.9
2.25	98.6	5534	5614	994	177	179.8
2.26	97.5	7342	7534	1333	184	188.4
2.27	97.6	5278	5406	957	162	166.1
2.28	97.6	5838	5982	1059	134	137.6
2.29	97.0	7294	7518	1331	170	175.5
2.30	98.2	12350	12574	2782	309	314.8
2.31	98.5	5326	5406	934		
2.32	98.2	2558	2606	461	126	128.0
2.33	98.0	4814	4910	869	137	139.3
2.34	100.0	6878	6878	1217	183	183.4
2.35	98.7	7278	7374	1305	205	207.8
2.36	99.4	2750	2766	490	118	118.3
2.37	98.7	2430	2462	436	63	63.6
2.38	97.2	1646	1694	300	50	51.1
2.39	96.6	228	236	42	8	8.2
2.40	100.0	366	366	81	9	8.7
2.41	98.4	754	766	132		
2.42	96.5	275	285	50	10	9.9
2.43	98.9	1426	1442	255	28	28.2
2.44	98.4	2966	3014	533	109	110.4
2.45	99.0	6494	6558	1161	196	197.9
2.46	98.9	5902	5966	1056	187	189.5
2.47	97.4	9630	9886	1750	235	241.3
2.48	97.8	18334	18750	3319	429	439.2
2.49	96.5	4398	4558	807	199	206.4
2.50	97.9	5182	5294	1871	164	167.2
2.51	97.8	5710	5838	1008		
2.52	96.5	7966	8254	1123	137	141.5
2.53	98.8	4030	4078	722	135	137.1
2.54	95.4	4638	4862	861	108	113.4
2.55	96.0	4638	4830	855	125	130.1
2.56	96.8	3918	4046	716	117	121.3
2.57	98.7	3662	3710	657	77	77.7
2.58	97.7	2366	2422	429	76	78.2
2.59	98.2	2206	2246	398	67	67.8
2.60	99.6	1856	1864	550	58	58.3
2.61	96.4	1406	1458	195		
2.62	97.0	1806	1862	366	62	63.4
2.63	96.1	3582	3726	659	92	96.2
2.64	97.8	9982	10206	1806	223	228.3
2.65	97.4	6638	6814	1206	131	134.0
2.66	96.8	6686	6910	1223	168	173.5
2.67	98.9	8766	8862	1568	209	210.8
2.68	97.6	6542	6702	1186	173	177.7
2.69	97.8	14078	14398	2548	259	265.2
2.70	97.3	8190	8414	1453		
2.71	98.1	5838	5950	1316	222	226.3
2.72	96.8	6846	7070	1251	231	239.0
2.73	97.7	13310	13630	2412		
2.74	97.0	9214	9502	1682	265	273.1
2.75	97.5	8254	8462	1498	217	222.6
2.76	97.3	6878	7070	1251	203	209.1
2.77	99.1	10302	10398	1840	256	258.6
2.78	99.5	13534	13598	2407	369	370.6
2.79	96.3	1886	1958	347	57	58.7
2.80	97.1	202	208	46	7	7.2
2.81	96.8	181	187	32		
2.82	97.3	144	148	26	5	5.6
2.83	99.5	220	221	39	6	5.9
2.84	98.7	151	153	27	5	5.4
2.85	97.7	518	530	94	15	15.7
2.86	97.6	12958	13278	2350	348	356.4
2.87	98.0	5390	5502	974	144	146.8
2.89	97.0	9054	9334	1652	273	281.4
2.90	97.5	8654	8878	1571	266	272.6
2.91	97.4	2390	2454	1444	135	138.4
2.92	99.5	9528	9576	2055		
2.92	99.6	560	562	331	62	62.3
2.93	97.5	1682	1726	305	44	45.2
2.94	96.4	758	786	139	24	25.2
2.95	98.8	3214	3254	576	95	95.9
2.96	97.5	5070	5198	920	123	126.2
2.97	97.4	5390	5534	979	160	164.6
2.98	97.5	7390	7582	1342	144	148.0
2.99	97.1	4238	4366	773	122	125.8
3.00	98.0	3982	4062	899	93	94.9
3.01	95.8	5486	5726	989		
3.02	96.6	4270	4422	783	126	131.0
3.03	98.0	3966	4046	716	98	100.5
3.04	96.1	3582	3726	659	94	98.2
3.05	97.9	4494	4590	812	113	115.0
3.06	98.0	8414	8590	1520	198	202.2
3.07	97.3	4270	4390	777	131	134.8
3.08	96.2	5630	5854	1036	127	132.6
3.09	97.0	3926	4046	716	95	98.4
3.10	93.4	3182	3294	729	121	124.8
3.11	99.0	3214	3246	561		
3.12	96.8	2878	2974	526	92	94.6
3.13	97.3	4046	4158	736	105	108.1
3.14	97.3	5166	5310	940	130	133.1
3.15	97.4	4830	4958	878	132	135.7
3.16	99.0	4526	4574	810	103	104.4
3.17	99.0	4878	4926	872	105	106.4
3.18	95.5	4398	4606	815	101	105.4
3.19	97.7	6654	6814	927	119	121.6
3.20	97.9	6062	6190	719		
3.21	97.3	2910	2990	529	111	114.1
3.22	97.5	3798	3894	689	95	97.4
3.23	98.5	3070	3118	552	97	98.3
3.24	96.5	4838	5014	887	121	125.1
3.25	98.0	4366	4454	788	120	122.1
3.26	96.8	3366	3478	616	102	105.6
3.27	97.8	2894	2958	524	87	88.6
3.28	93.1	4318	4638	821	86	92.5
3.29	98.2	2646	2694	522	101	102.5
3.30	95.9	4128	4306	834	131	136.2
3.31	96.4	2822	2926	518	88	90.9
3.32	97.1	3230	3326	589	101	103.6
3.33	97.1	5342	5502	974	134	137.9
3.34	97.9	5198	5310	940	131	133.7
3.35	97.8	7150	7310	1294	164	167.7
3.36	97.8	9422	9630	1704	288	294.7
3.37	99.0	12446	12574	2225	263	266.0
3.38	96.1	14310	14888	2635	333	346.5
3.39	98.8	8168	8264	1105		
3.40	98.5	7518	7630	2696	368	373.0
3.41	98.3	14524	14780	2616	365	371.2
3.42	96.5	6142	6366	1127	203	210.8
3.43	98.4	7022	7134	1263	237	240.7
3.44	98.9	4254	4302	761	120	121.7
3.45	98.5	8606	8734	1546	254	257.5
3.46	97.6	8478	8686	1537	223	229.0
3.47	97.6	8430	8638	1529	286	292.7
3.48	97.4	12222	12542	2220	354	363.1
3.49	97.0	9246	9534	1848	306	315.7
3.50	99.0	9502	9598	1860	336	339.4
3.51	98.3	7534	7662	1356	205	208.4
3.52	97.8	5006	5118	906	173	177.2
3.53	97.5	4750	4870	862	138	141.7
3.54	97.5	5646	5790	1025	175	179.0
3.55	97.1	8142	8382	1484	189	194.9
3.56	99.2	5646	5694	1008	181	182.2
3.57	95.1	4670	4910	869	151	159.1
3.58	95.7	4254	4446	594		
3.59	98.3	4542	4622	1633	193	196.2
3.60	97.3	9278	9534	1687	265	272.0
3.61	96.3	11712	12160	2152	331	343.8
3.62	98.2	10398	10590	1874	321	327.0
3.63	97.8	11390	11646	2061	317	323.8
3.64	98.3	9214	9374	1659	297	302.5
3.65	99.2	7838	7902	1399	256	258.1
3.66	97.3	8126	8350	1478	280	287.7
3.67	98.4	15264	15520	2747	356	361.9
3.68	97.7	11070	11326	2005	366	374.0
3.69	96.1	12734	13246	2344	309	321.2
3.70	97.6	4606	4718	1012	224	229.6
3.71	96.0	5374	5598	991	185	193.2
3.72	97.5	8798	9022	1597	281	288.0
3.73	96.4	5137	5331	944	228	236.7
3.74	97.9	8222	8398	1486	296	302.8
3.75	97.2	8926	9182	1625	317	326.4
3.76	96.5	9566	9918	1755	333	345.0
3.77	96.5	13182	13662	2418	320	332.0
3.78	96.5	16062	16638	2945	465	481.5
3.79	97.9	8382	8558	3024	534	544.8
3.80	98.0	12798	13054	1745		
3.81	97.1	6990	7198	1274	365	376.1
3.82	97.6	13118	13438	2378	330	337.7
3.83	98.6	13534	13726	2429	381	386.4
3.84	96.6	8190	8478	1501	219	227.0
3.85	95.3	11006	11550	2044	365	382.6
3.86	94.6	8350	8830	1563	245	258.7
3.87	98.3	6638	6750	1195	194	196.9
3.88	97.6	7166	7342	1299	233	238.4
3.89	97.8	399	408	72	11	10.8
3.90	97.4	458	470	101	10	10.5
3.91	98.6	688	698	124	26	26.4
3.92	98.2	1518	1546	274	64	65.4
3.93	99.1	1806	1822	322	76	76.6
3.94	97.2	7134	7342	1299	230	236.3
3.95	98.0	9438	9630	1704	277	282.6
3.96	96.6	8110	8398	1486	255	264.4
3.97	98.6	6558	6654	1178	192	194.7
3.98	96.3	5270	5470	968	190	197.0
3.99	97.8	6338	6482	1434	157	160.8
4.00	97.3	5542	5694	983		
4.01	98.7	1218	1234	218	64	65.2
4.02	99.4	2477	2493	441	88	88.6
4.03	97.9	564	576	124	16	16.2
4.04	99.2	261	263	47	10	9.7
4.05	97.9	552	564	100	17	17.2
4.06	97.8	4926	5038	892	135	137.8
4.07	97.1	8510	8766	1552	284	292.6
4.08	96.7	14142	14622	2588	373	385.3
4.09	94.7	9758	10302	1997	306	322.7
4.10	98.0	5566	5678	1100	184	187.8
4.11	96.2	6542	6798	1203	210	218.1
4.12	97.2	9406	9678	1713	222	228.1
4.13	96.4	5518	5726	1229	154	159.4
4.14	96.0	6606	6878	1217	134	139.2
4.15	97.7	4750	4862	861	163	167.0
4.16	96.2	6531	6791	1202	145	151.0
4.17	95.7	7438	7774	1376	131	136.8
4.18	97.0	1790	1846	652	138	142.4
4.19	97.6	5758	5902	869	120	122.9
4.20	95.4	2958	3102	536		
4.21	94.5	682	722	160		
4.22	97.6	3598	3686	652	102	104.8
4.23	95.3	5502	5774	1022	164	172.6
4.24	97.6	3886	3982	705	125	128.3
4.25	96.1	3542	3686	652	125	129.9
4.26	96.5	6254	6478	1147	143	147.7
4.27	94.1	2188	2324	411	99	105.0
4.28	96.8	4320	4464	790	131	135.3
4.29	97.5	3694	3790	671	102	105.1
4.30	96.2	3014	3134	673	94	97.8
4.31	98.3	816	830	147	36	36.2
4.32	95.4	104	109	19	4	3.8
4.33	98.1	102	104	18	3	2.8
4.34	96.0	96	100	18	3	2.8
4.35	97.7	86	88	16	3	2.8
4.36	95.7	66	69	12	2	2.3
4.37	100.0	123	123	22	3	3.3
4.38	98.1	367	374	66	14	14.4
4.39	97.7	2674	2738	485	76	77.4
4.40	96.2	2406	2502	443	83	85.8
4.41	96.6	2516	2604	461	72	74.6
4.42	98.6	3438	3486	1232	135	137.3
4.43	96.6	4062	4206	562		
4.44	97.6	3854	3950	699	156	159.6
4.45	93.6	5582	5774	1022	177	183.0
4.46	97.6	5150	5278	934	134	137.5
4.47	95.6	2094	2190	388	84	87.9
4.48	96.9	1998	2062	365	60	62.1
4.49	97.6	1932	1980	350	75	76.4
4.50	98.3	4142	4214	746	121	123.1
4.51	97.5	3060	3140	556	79	81.5
4.52	95.6	3478	3638	781	123	128.4
4.53	97.8	3518	3598	637	130	132.5
4.54	98.6	4570	4634	820	120	121.8
4.55	98.1	3390	3454	611	101	103.2
4.56	98.0	5438	5550	982	145	148.5
4.57	94.4	7134	7550	1336	156	165.2
4.58	96.3	5806	6030	1067	128	132.7
4.59	95.9	6028	6284	1112	141	146.6
4.60	94.3	4222	4478	793	125	132.6
4.61	95.6	5854	6126	1084	122	127.6
4.62	96.0	6462	6734	900		
4.63	96.8	896	926	327		
4.64	98.6	2750	2790	494	132	134.2
4.65	96.8	4766	4926	872	138	143.0
4.66	97.6	5182	5310	940	144	147.1
4.67	95.6	5902	6174	1093	180	188.7
4.68	95.4	5582	5854	1036	157	164.7
4.69	97.6	5132	5260	931	198	202.4
4.70	96.8	8318	8590	1520	250	258.3
4.71	97.0	7422	7646	1353	173	177.8
4.72	98.5	2578	2618	562	93	94.3
4.73	96.1	690	718	127	36	37.1
4.74	99.3	570	574	102	12	12.4
4.75	98.1	2254	2298	407	92	93.9
4.76	96.3	3374	3502	620	107	111.0
4.77	96.5	605	627	111	18	18.5
4.78	93.8	30	32	6	1	1.1
4.79	97.4	38	39	7	1	1.1
4.80	97.5	306	314	56	8	8.1
4.81	97.3	6462	6638	1175	148	152.2
4.82	95.8	21150	22078	3813		
4.83	97.0	3630	3742	828	437	450.2
4.84	95.2	8026	8427	1492	279	292.4
4.85	93.7	10910	11646	2061	287	306.0
4.86	94.0	9487	10097	1787	257	273.5
4.87	96.0	8990	9358	1656	224	233.2
4.88	97.4	2062	2118	375	66	67.5
4.89	94.2	974	1034	183	29	30.6
4.90	97.1	938	966	171	34	35.4
4.91	98.3	1126	1146	203	37	37.2
4.92	99.4	710	714	138	19	18.7
4.93	95.0	1810	1906	369	61	64.7
4.94	97.3	1750	1798	318	48	49.6
4.95	97.5	8638	8862	1568	233	239.0
4.96	95.5	6254	6550	1159	195	203.8
4.97	98.7	7486	7582	1342	200	202.7
4.98	96.2	1006	1046	185	34	35.5
4.99	97.0	5662	5838	1033	177	182.1
5.00	97.5	11070	11358	2010	372	381.9
5.01	97.8	7733	7909	1400	290	296.8
5.02	97.1	5614	5782	1023	153	157.4
5.03	97.7	6110	6254	1342		
5.04	98.2	1066	1086	192	46	47.3
5.05	98.8	3834	3910	691	118	120.2
5.06	99.0	199	201	36	5	5.4
5.07	94.9	75	79	14	3	2.9
5.08	100.0	17	17	3	0	0.4
5.09	98.0	50	51	9	2	1.8
5.10	97.8	88	90	16	3	2.7
5.11	100.0	19	19	3	1	0.8
5.12	99.3	423	426	75	15	15.0
5.13	98.7	3766	3814	818	130	132.0
5.14	98.9	2254	2278	403	85	85.4
5.15	97.9	2198	2246	398	63	64.0
5.16	97.1	818	842	149	21	21.2
5.17	97.6	1622	1662	294	49	50.1
5.18	98.0	4806	4902	868	63	64.0
5.19	98.8	6590	6670	1476	112	113.8
5.20	98.6	2302	2334	403		
5.21	97.8	2142	2190	388	91	92.8
5.22	98.3	2798	2846	504	101	103.1
5.23	98.8	4094	4142	733	94	95.2
5.24	95.8	7358	7678	1359	214	223.2
5.25	96.3	10766	11182	1979	301	312.6
5.26	95.8	10286	10734	1900	274	286.4
5.27	96.6	7342	7598	1345	180	186.4
5.28	97.6	6199	6351	1124	187	192.0
5.29	96.4	13630	14142	2503	303	313.9
5.30	96.9	7534	7774	1507	215	222.0
5.31	96.4	8494	8814	1708	281	291.3
5.32	96.6	9150	9470	1676	269	278.7
5.33	98.3	9086	9246	1636	244	248.4
5.34	96.1	7886	8206	1452	221	229.9
5.35	97.5	13630	13982	2475	364	373.6
5.36	96.4	12048	12497	2212	370	384.1
5.37	95.5	10142	10622	1880	290	303.8
5.38	94.9	6574	6926	1226	233	245.0
5.39	95.3	6846	7182	1271	204	214.0
5.40	97.5	9886	10142	5966	266	273.3
5.41	97.8	7886	8062	1078		
5.42	97.3	9150	9406	1385	232	238.8
5.43	96.2	11422	11870	2101	320	332.8
5.44	97.2	7806	8030	1421	233	239.7
5.45	98.4	10110	10270	1818	285	290.0
5.46	97.9	3758	3838	679	95	97.2
5.47	98.1	3246	3310	586	113	114.8
5.48	99.1	926	934	165	19	19.0
5.49	97.1	602	620	110	16	16.6
5.50	98.8	164	166	36	5	5.2
5.51	97.9	95	97	17	3	3.1
5.52	97.1	67	69	12	1	1.4
5.53	100.0	19	19	3	0	0.5
5.54	98.3	285	290	51	9	9.2
5.55	100.0	28	28	5	0	0.4
5.56	96.8	90	93	16		
5.57	98.1	736	750	133	30	30.1
5.58	96.9	7006	7230	1280	115	118.5
5.59	96.4	10334	10718	1433		
5.60	98.2	5166	5262	1859	388	395.6
5.61	99.3	6414	6462	1144	228	229.8
5.62	95.9	4462	4654	824	139	144.6
5.63	98.4	6062	6158	1090	154	156.4
5.64	98.4	2974	3022	535	83	84.4
5.65	96.5	3982	4126	730	138	143.0
5.66	98.0	1182	1206	213	30	30.4
5.67	98.6	1150	1166	206	32	32.0
5.68	98.8	82	83	15	2	2.4
5.69	98.3	706	718	127	24	24.0
5.70	99.0	202	204	44	6	6.1
5.71	98.5	65	66	12	3	2.6
5.72	97.4	339	348	62	11	10.8
5.73	97.9	6622	6766	1198	176	180.2
5.74	98.5	8542	8670	1535	197	199.6
5.75	96.6	7678	7950	1407	234	241.8
5.76	97.4	6510	6686	1183	178	182.3
5.77	97.5	5598	5742	1016	178	183.0
5.78	99.0	6286	6350	1124	207	208.6
5.79	98.4	11870	12062	4262	246	249.9
5.80	97.1	5934	6110	817		
5.81	97.1	2422	2494	441	160	164.5
5.82	98.0	5390	5502	974	156	159.0
5.83	95.4	5262	5518	977	146	152.6
5.84	96.1	7966	8286	1467	199	207.2
5.85	96.5	7022	7278	1288	223	231.6
5.86	98.2	6222	6334	1121	168	171.5
5.87	98.2	6238	6350	1124	175	178.3
5.88	96.8	1686	1742	308	40	41.4
5.89	97.8	1742	1782	315	44	45.2
5.90	98.3	4622	4702	1009	147	149.9
5.91	96.5	5294	5486	971	212	219.3
5.92	97.4	9758	10014	1772	226	231.8
5.93	96.1	9406	9790	1733	267	277.5
5.94	97.2	9388	9654	1709	276	283.7
5.95	96.8	7806	8062	1427	213	220.2
5.96	95.4	7022	7358	1302	187	196.0
5.97	97.4	6510	6686	1183	228	234.4
5.98	97.2	9022	9278	1642	240	246.4
5.99	95.6	13150	13758	2435	298	312.0
6.00	96.6	9214	9534	2046		
6.01	96.3	4158	4318	764	217	225.2
6.02	96.6	8958	9278	1642	256	265.0
6.03	98.3	9502	9662	1710	249	252.7
6.04	97.9	14126	14425	2553	362	369.5
6.05	96.8	9134	9438	1670	291	301.2
6.06	98.6	9182	9310	1648	222	224.8
6.07	95.9	8286	8638	1529	289	301.7
6.08	96.4	5966	6190	1096	156	161.5
6.09	97.8	5678	5806	1028	166	169.4
6.10	96.8	6286	6494	1259	192	198.0
6.11	97.8	3254	3326	645	118	120.8
6.12	95.8	2566	2678	474	74	77.0
6.13	95.6	3150	3294	583	98	102.7
6.14	96.5	1318	1366	242	37	38.5
6.15	97.6	1614	1654	293	48	49.0
6.16	96.5	193	200	35	5	5.7
6.17	97.3	1066	1096	194	31	31.8
6.18	97.7	1270	1300	153	31	31.8
6.19	98.0	578	590	104	23	23.0
6.20	97.5	539	553	195	20	20.6
6.21	95.0	5134	5406	851		
6.22	95.8	2710	2830	417	142	147.8
6.23	98.4	2438	2478	439	78	79.0
6.24	97.8	545	557	99	20	20.6
6.25	98.3	345	351	62	10	10.0
6.26	98.2	166	169	30	5	5.0
6.27	98.8	252	255	45	7	7.1
6.28	98.7	104	105	19	4	4.1
6.29	96.6	372	385	68	9	9.6
6.30	96.8	1198	1238	219	36	36.9
6.31	98.7	1214	1230	238	44	44.3
6.32	96.8	209	216	42	8	7.8
6.33	98.4	2470	2510	444	55	56.3
6.34	98.6	145	147	26	4	4.5
6.35	100.0	686	686	121	19	18.6
6.36	95.0	190	200	35	5	5.2
6.37	99.4	1310	1318	233	37	37.6
6.38	96.3	2478	2574	456	70	72.2
6.39	98.0	5390	5502	974	154	157.1
6.40	97.6	6590	6750	2385	159	162.5
6.40	97.1	2990	3078	661		
6.41	97.3	650	668	236	98	100.5
6.42	96.5	816	846	150	35	35.8
6.43	96.9	1878	1938	343	62	64.5
6.44	97.1	606	624	110	18	18.2
6.45	94.5	2334	2470	437	57	60.4
6.46	97.0	1178	1214	215	35	35.7
6.47	97.4	8350	8574	1518	193	198.2
6.48	99.1	6945	7009	1241	229	230.8
6.49	97.2	19934	20510	3630	512	526.8
6.50	99.2	22558	22750	4409	659	664.6
6.51	98.2	31326	31902	6183	791	805.6
6.52	98.0	25502	26014	4604	620	632.5
6.53	96.9	15102	15582	2758	430	443.6
6.54	98.3	11102	11294	1999	326	331.3
6.55	96.3	9086	9438	1670		
6.56	97.6	8382	8590	1520	245	250.7
6.57	97.2	7854	8078	1430	206	211.9
6.58	96.4	8478	8798	1557	195	202.7
6.59	96.6	11710	12126	2146	198	204.8
6.60	98.5	6110	6206	830		
6.61	97.5	502	515	182	80	82.2
6.62	98.1	2902	2958	524	100	101.6
6.63	97.3	2146	2206	390	74	75.6
6.64	98.8	1018	1030	182	28	28.8
6.65	98.0	336	343	61	9	9.0
6.66	99.3	450	453	80	15	14.7
6.67	99.3	448	451	80	14	14.5
6.68	97.8	2998	3066	543	83	85.3
6.69	97.1	5998	6174	1093	163	168.3
6.70	98.8	3342	3382	599	108	109.0
6.71	99.6	456	460	99	16	16.4
6.72	100.0	1516	1516	268	45	45.0
6.73	98.1	4926	5022	889	151	154.3
6.74	96.1	7006	7294	1291	202	210.2
6.75	97.0	8862	9134	1617	241	248.6
6.76	97.5	7454	7646	1353	215	220.7
6.77	97.3	6942	7134	1263	163	167.2
6.78	97.2	6686	6878	1217	155	159.3
6.79	98.0	4590	4686	829	150	152.8
6.80	97.6	4478	4590	1622	126	128.9
6.80	97.7	3814	3902	837		
6.81	97.8	1230	1258	445	110	112.9
6.82	96.5	1198	1242	220	79	81.6
6.83	95.6	5214	5326	943	125	127.2
6.84	98.0	5406	5646	999	129	134.4
6.85	97.0	3390	3494	618	114	117.3
6.86	96.3	1670	1734	307	46	47.8
6.87	97.4	1502	1542	273	37	38.4
6.88	98.9	458	463	82	11	11.6
6.89	95.7	45	47	8	1	1.3
6.90	98.2	54	55	11	2	1.8
6.91	100.0	21	21	4	1	0.7
6.92	100.0	33	33	6	1	0.8
6.93	94.7	36	38	7	1	1.5
6.94	98.0	48	49	9	1	1.0
6.95	100.0	21	21	4	1	0.5
6.96	94.4	17	18	3	0	0.5
6.97	100.0	17	17	3	0	0.4
6.98	100.0	22	22	4	1	0.9
6.99	97.8	90	92	16	1	1.3
7.00	97.6	926	949	127		
7.01	97.9	764	780	276	79	80.6
7.02	97.3	4558	4686	829	171	176.0
7.03	95.8	5070	5294	937	111	116.2
7.04	98.5	6398	6494	1149	162	164.7
7.05	98.7	7470	7566	1339	220	223.2
7.06	99.0	9086	9182	1625	227	229.5
7.07	97.2	4710	4846	858	131	135.2
7.08	97.2	8990	9246	1636	210	215.6
7.09	97.7	13630	13950	2465	346	354.1
7.10	97.3	9118	9374	1817	320	329.4
7.11	98.1	10174	10366	2009	251	256.0
7.12	98.7	11838	12030	2129	336	341.4
7.13	98.4	13406	13630	2412	399	405.8
7.14	98.5	10430	10590	1874	277	281.4
7.15	98.8	10302	10430	1846	292	295.6
7.16	99.0	6078	6142	1087	144	145.6
7.17	98.0	11198	11422	2022	285	291.2
7.18	98.1	20254	20638	2434	422	429.8
7.19	98.2	20574	20958	4637	466	474.4
7.20	97.4	8350	8574	1481		
7.21	99.6	7678	7710	1365	289	289.8
7.22	98.0	3982	4062	719	135	137.6
7.23	97.5	3374	3462	613	79	80.6
7.24	99.2	982	990	175	28	27.8
7.25	99.1	444	448	79	11	11.1
7.26	96.9	94	97	17	3	2.9
7.27	97.3	36	37	7	1	1.1
7.28	96.6	28	29	5	1	0.8
7.29	100.0	16	16	3	0	0.5
7.30	94.1	16	17	10	1	0.6
7.30	100.0	23	23	4		
7.31	100.0	8	8	3	1	0.6
7.32	91.3	21	23	4	1	0.6
7.33	94.6	35	37	7	1	1.0
7.34	96.6	910	942	167	15	16.0
7.35	98.2	5590	5694	1008	132	134.2
7.36	98.8	10206	10334	1829	261	264.7
7.37	98.3	12990	13214	2339	302	307.6
7.38	97.1	10206	10510	1860	267	275.3
7.39	97.4	14494	14878	2633	371	380.4
7.40	97.5	19966	20478	3624	367	376.0
7.41	96.9	11838	12222	1634		
7.42	97.8	4318	4414	1560	253	258.2
7.43	97.0	8894	9166	1622	242	249.4
7.44	96.9	12862	13278	2350	369	380.8
7.45	97.0	12286	12670	2242	323	333.1
7.46	98.1	8910	9086	1608	240	245.2
7.47	96.5	19166	19870	3517	426	442.0
7.48	98.7	17022	17246	3052	515	521.7
7.49	95.5	44382	46494	5483	607	635.6
7.50	96.8	12446	12862	2760		
7.51	98.1	7630	7774	2747	446	454.3
7.52	97.9	15038	15358	2718	442	451.3
7.53	97.3	14078	14462	2560	436	448.3
7.54	95.6	21470	22462	3976	537	561.7
7.55	96.4	28894	29982	5307	696	721.9
7.56	97.6	34078	34910	6179	750	768.6
7.57	95.9	18142	18910	3347	505	526.2
7.58	97.2	26974	27742	4910	486	499.4
7.59	98.6	27806	28190	4989	646	654.7
7.60	96.6	46686	48350	8558	715	740.3
7.61	98.2	28062	28574	3820		
7.62	98.1	12926	13182	4658	787	802.5
7.63	97.9	39582	40414	7153	1058	1079.9
7.64	98.1	53534	54558	9656	1166	1187.9
7.65	98.6	45726	46366	8206	1209	1225.4
7.66	96.4	57758	59934	10608	1096	1137.2
7.67	97.2	62238	64030	11333	1372	1411.7
7.68	96.7	41758	43166	7640	1206	1246.3
7.69	97.3	68510	70430	12465	1748	1797.2
7.70	97.5	99102	101662	25672	2106	2160.4
7.70	97.4	85918	88222	25063		
7.71	96.9	72320	74624	26369	2608	2691.5
7.72	96.3	134686	139806	24744	2722	2826.0
7.73	97.8	103966	106270	18809	2484	2539.5
7.74	98.2	83998	85534	15139	1776	1808.5
7.75	96.2	89886	93470	16543	1751	1820.8
7.76	97.9	84510	86302	15275	1597	1630.7
7.77	97.8	68382	69918	12375	1454	1486.5
7.78	97.7	66206	67742	11990	1253	1282.4
7.79	96.4	33980	35260	6241	661	685.8
7.80	98.3	44702	45470	16067	984	1001.0
7.81	98.0	56606	57758	7722		
7.82	97.1	40478	41694	7379	1274	1311.9
7.83	98.1	60062	61214	10834	1261	1285.1
7.84	96.4	31262	32414	5737	779	808.1
7.85	98.5	51230	51998	9203	1044	1060.1
7.86	96.5	35486	36766	6507	746	772.7
7.87	96.8	30750	31774	5624	811	838.5
7.88	97.7	24030	24606	4355	540	552.9
7.89	98.1	26526	27038	4785	523	532.8
7.90	98.4	13982	14206	1899		
7.91	98.2	10270	10462	3697	408	415.3
7.92	98.4	11550	11742	2078	265	269.9
7.93	98.3	6446	6558	1161	188	190.9
7.94	98.3	8926	9086	1608	187	190.0
7.95	98.8	6734	6814	1206	246	249.0
7.96	98.3	5582	5678	1005	126	128.0
7.97	97.7	9534	9758	1727	296	303.0
7.98	97.9	11774	12030	2129	340	347.0
7.99	98.0	7086	7230	1280	241	246.1
8.00	97.7	11070	11326	4002	267	273.6
8.01	98.3	11038	11230	1501		
8.02	97.1	8670	8926	1580	271	279.3
8.03	98.8	5198	5262	931	137	138.8
8.04	98.6	13150	13342	2361	331	335.4
8.05	97.5	18814	19294	3415		
8.06	98.4	16126	16382	2899	553	561.9
8.07	97.4	21278	21854	3868	463	475.1
8.08	97.0	18910	19486	3449	606	624.2
8.09	98.4	15806	16062	2843	615	624.9
8.10	97.7	22110	22622	7994	690	705.5
8.11	99.5	24350	24478	3272		
8.12	98.4	28318	28766	5091	724	735.6
8.13	98.3	14252	14492	2565	512	520.1
8.14	97.0	31262	32222	5703	877	904.3
8.15	98.3	29470	29982	5307	908	923.6
8.16	98.0	25438	25950	4593	625	637.3
8.17	98.5	66462	67486	11944	1574	1598.1
8.18	96.6	39424	40832	7227	1034	1070.4
8.19	99.4	45842	46098	8159	919	924.4
8.20	98.6	35358	35870	4795		
8.21	97.1	6462	6654	2351	666	685.5
8.22	98.3	28958	29470	5216	1135	1154.8
8.23	96.9	56350	58142	10291	1586	1636.4
8.24	97.6	28702	29406	5205	894	915.8
8.25	98.8	16414	16606	2939	673	681.3
8.26	99.6	6606	6718	1189	198	201.1
8.27	97.2	695	807	143	24	27.5
8.28	98.6	12478	12670	2242	398	404.1
8.29	97.3	12670	13022	2305	290	297.9
8.30	98.4	8110	8238	1101		
8.31	98.6	574	582	206	50	51.1
8.32	98.5	898	912	161	36	36.7
8.33	98.8	3934	3982	705	114	115.6
8.34	97.6	6606	6766	1198	270	276.6
8.35	98.4	31966	32478	5748	909	923.9
8.36	98.0	56222	57374	10155	1370	1397.6
8.37	97.8	55966	57246	10132	1993	2039.0
8.38	98.3	51230	52126	9226	1892	1924.9
8.39	96.9	64286	66334	11741	2232	2302.9
8.40	98.3	101406	103198	36466	2364	2405.8
8.40	98.6	37278	37790	6527		
8.41	98.0	2806	2862	1684	398	406.1
8.42	98.6	4654	4718	835	234	237.4
8.43	95.9	3758	3918	693	117	122.4
8.44	98.8	1958	1982	351	58	58.3
8.45	98.2	886	902	160	22	22.8
8.46	98.6	562	570	101	18	17.9
8.47	96.6	902	934	165	24	24.7
8.48	96.9	502	518	92	15	15.8
8.49	99.1	922	930	165	15	14.7
8.50	100.0	122	122	16		
8.51	96.9	126	130	46	10	10.5
8.52	98.6	282	286	51	8	7.9
8.53	98.2	438	446	79	12	11.7
8.54	99.5	758	762	135	20	20.1
8.55	99.1	3518	3550	628	88	88.9
8.56	97.9	1142	1166	206	42	43.3
8.57	97.9	10206	10430	1846	234	238.8
8.58	98.4	5742	5838	1033	212	215.4
8.59	98.2	4586	4666	826	184	187.4
8.60	97.3	5726	5886	2080	207	212.7
8.61	97.8	11230	11486	1536		
8.62	95.5	6782	7102	1257	263	275.8
8.63	97.8	15550	15902	2815	503	514.4
8.64	99.2	8174	8238	1458	224	225.7
8.65	97.5	7534	7726	1367	217	222.8
8.66	97.2	986	1014	179	34	34.7
8.67	97.3	3430	3526	624	82	84.7
8.68	97.7	1170	1198	212	39	39.9
8.69	96.7	2822	2918	516	100	103.3
8.70	97.8	6958	7118	4187	260	266.1
8.70	98.6	4526	4590	793		
8.71	98.4	249	253	89	37	37.7
8.72	98.6	2230	2262	400	95	96.1
8.73	98.5	12638	12830	2271	374	379.3
8.74	97.5	8862	9086	1608	287	294.0
8.75	97.8	19550	19998	3539	501	512.4
8.76	98.8	30622	31006	5488	739	747.9
8.77	98.5	32670	33182	5873	1026	1042.2
8.78	98.5	49822	50590	8954	1607	1632.2
8.79	96.7	120389	124485	22033	1954	2020.2
8.80	96.7	34206	35358	4727		
8.81	96.8	4304	4448	1572	570	589.3
8.82	97.8	34462	35230	6235	1401	1432.5
8.83	98.9	45598	46110	8161	1718	1736.8
8.84	98.3	44574	45342	8025		
8.85	98.5	20606	20926	3704	571	579.4
8.86	96.9	692	714	126	21	21.7
8.87	95.7	1774	1854	328	44	46.5
8.88	97.0	772	796	141	20	20.5
8.89	96.4	702	728	129	23	23.9
8.90	97.6	806	826	146	15	15.5
8.91	98.0	614	626	134		
8.92	97.7	418	428	76	13	13.3
8.93	98.6	2790	2830	501	72	72.8
8.94	97.2	7678	7902	1399	155	159.9
8.95	97.5	17214	17662	3126	506	519.5
8.96	97.1	19038	19614	3472	405	417.2
8.97	95.4	14622	15326	2713	418	438.1
8.98	98.2	21534	21918	3879	602	612.8
8.99	98.0	38174	38942	6892	1055	1076.5
9.00	98.5	59166	60062	13288	1440	1461.3
9.00	96.8	38686	39966	5343		
9.02	96.5	70558	73118	8622	1646	1706.0
9.04	98.1	40606	41374	4879	1281	1304.8
9.05	98.2	35230	35870	6349	1351	1375.5
9.06	97.4	19038	19550	3460	1201	1233.8
9.08	98.2	21022	21406	3789	1671	1701.4
9.09	98.5	28958	29406	5205	1527	1551.0
9.10	96.1	46750	48670	5739	1345	1400.0
9.12	97.9	13342	13630	2412	964	984.5
9.13	97.6	20638	21150	3743	777	796.4
9.14	95.0	16926	17822	3154	686	722.8
9.15	96.6	20254	20958	3709	600	620.7
9.16	96.9	18846	19454	3443	670	691.1
9.17	97.4	4190	4302	507	193	197.7
