Depth sed [m]	Depth corr [m]	Age [ka BP]	G. bulloides [%]	G. inflata [%]	T. truncatulinoides [%]	G. siphonifera [%]	G. ruber [%]	G. rubescens [%]	G. tenella [%]	N. incompta [%]	N. pachyderma s [%]	T. quinqueloba d [%]	T. quinqueloba s [%]	G. glutinata [%]	G. scitula [%]	G. hirsuta [%]	O. universa [%]	T. crassaformis [%]	G. adamsi [%]	G. calida [%]	G. sacculifer [%]	G. digitata [%]	G. trilobus [%]	G. conglobatus [%]	Foram plankt indet [%]	T. quinqueloba [%]	Foram plankt tropical [%]	Foram plankt subpolar [%]	Foram plankt [#]
0.020	0.03	0.37	21.43	24.60	12.70	0.34	6.58	0.11	0.79	21.20	0.11	2.49	3.06	4.08	1.70	0.23	0.57	0	0.00	0	0	0.00	0	0	0	5.56	0.91	5.67	882
0.030	0.04	0.42	26.16	22.08	9.99	0.14	6.05	0.14	0.42	22.22	0.28	2.67	2.81	4.22	2.25	0.42	0.14	0	0.00	0	0	0.00	0	0	0	5.49	0.56	5.77	711
0.040	0.05	0.43	28.12	20.83	11.46	0.52	3.99	0.00	1.22	19.27	0.52	3.12	3.12	4.51	1.91	0.87	0.52	0	0.00	0	0	0.00	0	0	0	6.25	1.22	6.77	576
0.050	0.06	0.54	29.67	21.58	7.88	0.21	3.32	0.41	0.21	20.95	0.83	1.24	3.73	5.19	3.94	0.62	0.21	0	0.00	0	0	0.00	0	0	0	4.98	0.62	5.81	482
0.060	0.07	0.66	29.90	22.97	8.73	0.12	3.23	0.60	0.24	21.05	0.84	1.91	2.27	4.07	3.35	0.36	0.36	0	0.00	0	0	0.00	0	0	0	4.19	0.84	5.02	836
0.070	0.08	0.78	29.59	30.71	6.55	0.94	3.75	0.00	0.00	15.92	0.94	0.94	1.87	4.31	2.25	1.31	0.94	0	0.00	0	0	0.00	0	0	0	2.81	0.00	3.75	534
0.080	0.09	0.89	28.68	26.99	8.28	0.77	2.91	0.31	0.00	14.57	0.61	2.91	3.68	6.90	2.30	0.61	0.46	0	0.00	0	0	0.00	0	0	0	6.60	0.31	7.21	652
0.090	0.10	1.01	28.76	28.96	7.72	0.19	4.63	0.00	0.00	14.67	0.58	2.51	1.16	5.98	3.09	0.39	1.35	0	0.00	0	0	0.00	0	0	0	3.67	0.00	4.25	518
0.100	0.11	1.13	27.34	31.25	10.16	0.31	5.31	0.00	0.78	13.75	0.31	0.94	1.56	5.00	1.56	0.47	1.25	0	0.00	0	0	0.00	0	0	0	2.50	0.78	2.81	640
0.120	0.13	1.27	25.07	31.56	8.55	0.29	3.98	0.15	0.29	13.57	0.15	1.77	2.65	7.37	2.65	0.44	1.47	0	0.00	0	0	0.00	0	0	0	4.42	0.44	4.57	678
0.130	0.14	1.33	27.50	31.25	8.75	0.42	5.42	0.21	0.42	14.38	0.42	1.04	1.25	5.00	0.62	0.21	3.12	0	0.00	0	0	0.00	0	0	0	2.29	0.63	2.71	480
0.140	0.15	1.38	25.20	27.45	9.79	0.32	5.14	0.16	1.44	18.30	0.32	1.77	2.09	4.49	2.25	0.32	0.96	0	0.00	0	0	0.00	0	0	0	3.85	1.61	4.17	623
0.150	0.16	1.44	26.97	30.55	9.31	0.24	4.53	0.00	0.95	17.90	0.24	0.95	1.91	4.06	1.19	0.00	1.19	0	0.00	0	0	0.00	0	0	0	2.86	0.95	3.10	419
0.160	0.17	1.49	25.87	30.56	10.59	0.45	4.39	0.30	0.61	15.28	0.45	1.82	2.12	3.93	2.57	0.00	1.06	0	0.00	0	0	0.00	0	0	0	3.93	0.91	4.39	661
0.170	0.18	1.55	23.72	27.81	8.38	0.00	4.70	0.82	0.20	16.16	1.02	1.43	2.66	8.18	3.48	0.61	0.82	0	0.00	0	0	0.00	0	0	0	4.09	1.02	5.11	489
0.180	0.19	1.61	22.14	26.45	9.51	0.30	5.35	0.30	0.59	19.02	0.74	2.53	2.08	6.69	2.67	0.00	1.49	0	0.15	0	0	0.00	0	0	0	4.61	0.89	5.35	673
0.190	0.20	1.66	24.50	32.13	8.43	0.20	4.82	0.60	0.00	17.67	1.00	0.60	0.60	6.22	2.21	0.60	0.40	0	0.00	0	0	0.00	0	0	0	1.20	0.60	2.21	498
0.200	0.21	1.72	24.88	28.29	8.54	0.37	5.00	0.61	0.85	17.68	0.12	1.71	2.56	6.34	2.44	0.00	0.49	0	0.00	0	0	0.12	0	0	0	4.27	1.46	4.39	820
0.210	0.22	1.77	29.29	25.67	8.98	0.31	5.04	0.47	0.31	17.17	0.16	1.42	1.73	6.46	2.52	0.16	0.31	0	0.00	0	0	0.00	0	0	0	3.15	0.79	3.31	635
0.220	0.23	1.83	31.36	24.32	9.28	0.00	4.96	0.16	0.48	17.92	0.48	1.92	2.40	5.60	0.64	0.16	0.32	0	0.00	0	0	0.00	0	0	0	4.32	0.64	4.80	625
0.230	0.24	1.89	30.68	26.99	9.90	0.39	5.05	0.00	0.58	18.25	0.58	0.78	1.17	4.08	1.36	0.19	0.00	0	0.00	0	0	0.00	0	0	0	1.94	0.58	2.52	515
0.240	0.25	1.95	28.50	33.71	9.12	0.00	5.86	0.16	0.00	14.17	0.16	0.98	1.63	3.91	0.65	0.33	0.81	0	0.00	0	0	0.00	0	0	0	2.61	0.16	2.77	614
0.250	0.26	2.01	27.88	33.18	8.53	0.46	6.68	0.00	0.92	14.75	0.46	1.15	1.15	3.69	0.69	0.23	0.23	0	0.00	0	0	0.00	0	0	0	2.30	0.92	2.76	434
0.260	0.27	2.07	28.01	26.06	7.82	0.33	7.00	0.16	0.98	16.45	0.49	1.30	0.98	7.17	2.12	0.00	0.98	0	0.00	0	0	0.16	0	0	0	2.28	1.14	2.77	614
0.270	0.28	2.14	25.37	26.85	12.22	0.37	7.59	0.00	0.00	17.22	0.37	1.11	1.48	5.37	0.74	0.00	1.30	0	0.00	0	0	0.00	0	0	0	2.59	0.00	2.96	540
0.280	0.29	2.20	24.03	30.08	9.46	0.16	9.61	0.00	0.62	14.57	0.47	1.40	1.24	6.05	1.71	0.00	0.62	0	0.00	0	0	0.00	0	0	0	2.64	0.62	3.10	645
0.290	0.30	2.26	27.11	27.33	10.02	0.23	10.02	0.00	0.68	16.86	0.46	0.46	0.68	4.33	1.14	0.46	0.23	0	0.00	0	0	0.00	0	0	0	1.14	0.68	1.59	439
0.300	0.31	2.32	26.00	30.33	9.36	0.87	9.88	0.35	0.17	15.77	0.00	1.21	1.21	2.60	1.04	0.35	0.87	0	0.00	0	0	0.00	0	0	0	2.43	0.52	2.43	577
0.310	0.32	2.39	26.68	27.11	9.91	0.29	8.02	0.44	0.29	16.47	0.44	1.02	0.87	5.54	2.33	0.00	0.58	0	0.00	0	0	0.00	0	0	0	1.90	0.73	2.33	686
0.320	0.33	2.45	27.36	24.47	12.01	0.30	8.36	0.00	0.30	17.17	0.30	1.06	0.61	5.47	1.98	0.30	0.30	0	0.00	0	0	0.00	0	0	0	1.67	0.30	1.98	658
0.330	0.34	2.51	27.76	28.26	10.37	0.50	9.20	0.50	0.17	14.55	0.00	1.00	1.34	3.18	1.51	0.50	1.17	0	0.00	0	0	0.00	0	0	0	2.34	0.67	2.34	598
0.340	0.35	2.57	28.28	21.81	9.20	0.85	10.73	0.17	0.00	16.52	1.02	0.85	1.19	6.47	1.53	0.51	0.85	0	0.00	0	0	0.00	0	0	0	2.04	0.17	3.07	587
0.350	0.36	2.64	28.43	22.63	7.50	0.42	9.90	0.00	0.71	17.40	0.14	1.70	1.41	6.79	1.56	0.71	0.71	0	0.00	0	0	0.00	0	0	0	3.11	0.71	3.25	707
0.360	0.37	2.70	25.12	34.09	6.04	0.33	8.65	0.00	0.49	13.05	0.16	1.47	2.28	5.06	1.31	0.82	1.14	0	0.00	0	0	0.00	0	0	0	3.75	0.49	3.92	613
0.370	0.38	2.80	33.49	24.53	8.73	0.24	7.08	0.94	0.00	12.97	0.47	1.18	1.89	5.42	1.65	0.47	0.94	0	0.00	0	0	0.00	0	0	0	3.07	0.94	3.54	424
0.380	0.39	2.90	27.99	23.79	6.96	0.65	9.22	0.65	0.16	13.75	0.65	3.24	2.43	5.18	3.88	0.65	0.81	0	0.00	0	0	0.00	0	0	0	5.66	0.81	6.31	618
0.390	0.40	3.00	26.48	28.15	8.15	0.19	7.59	0.19	0.74	14.63	0.93	2.41	2.04	4.81	1.67	0.74	1.30	0	0.00	0	0	0.00	0	0	0	4.44	0.93	5.37	540
0.400	0.41	3.10	26.72	22.07	10.69	0.52	8.28	0.34	0.69	19.14	0.34	1.21	2.41	4.83	1.55	0.86	0.34	0	0.00	0	0	0.00	0	0	0	3.62	1.03	3.97	580
0.410	0.42	3.20	29.62	21.91	7.10	0.24	8.81	0.12	0.24	18.60	0.61	1.35	2.69	5.26	2.33	0.61	0.49	0	0.00	0	0	0.00	0	0	0	4.04	0.37	4.65	817
0.420	0.43	3.30	30.34	22.15	6.42	0.00	7.87	0.48	0.32	19.26	0.16	1.93	2.25	6.10	2.25	0.16	0.32	0	0.00	0	0	0.00	0	0	0	4.17	0.80	4.33	623
0.430	0.44	3.40	31.74	22.52	5.85	0.35	7.62	0.35	0.18	17.91	0.35	2.30	1.60	5.14	4.08	0.00	0.00	0	0.00	0	0	0.00	0	0	0	3.90	0.53	4.26	564
0.440	0.45	3.49	28.64	24.32	7.68	0.48	9.12	0.32	0.48	18.24	0.80	2.24	0.64	4.64	1.60	0.80	0.00	0	0.00	0	0	0.00	0	0	0	2.88	0.80	3.68	625
0.450	0.46	3.60	28.75	23.47	7.82	1.27	6.34	0.42	0.21	20.51	0.21	1.06	2.11	4.86	2.54	0.42	0.00	0	0.00	0	0	0.00	0	0	0	3.17	0.63	3.38	473
0.460	0.47	3.72	31.80	26.36	5.27	0.51	6.29	0.17	0.68	19.90	0.51	1.87	1.53	2.72	1.19	0.51	0.34	0	0.00	0	0	0.34	0	0	0	3.40	0.85	3.91	588
0.470	0.48	3.83	28.83	28.83	4.23	0.20	5.04	0.00	0.40	15.32	0.40	0.81	1.01	13.71	0.81	0.00	0.40	0	0.00	0	0	0.00	0	0	0	1.81	0.40	2.22	496
0.480	0.49	3.95	28.04	33.09	6.82	0.59	4.15	0.15	0.15	14.39	0.30	1.78	1.04	5.93	2.37	0.59	0.59	0	0.00	0	0	0.00	0	0	0	2.82	0.30	3.12	674
0.490	0.50	4.06	25.15	30.27	6.95	0.20	3.89	0.00	0.00	18.61	1.64	0.41	3.27	5.52	2.04	0.41	1.64	0	0.00	0	0	0.00	0	0	0	3.68	0.00	5.32	489
0.500	0.51	4.18	23.49	30.42	8.28	0.60	4.37	0.90	0.75	15.36	0.90	1.51	1.96	6.48	3.31	0.15	1.51	0	0.00	0	0	0.00	0	0	0	3.46	1.66	4.37	664
0.510	0.52	4.29	23.93	29.16	8.04	0.37	3.93	0.93	0.75	15.89	0.19	3.36	2.62	4.86	4.30	0.19	1.50	0	0.00	0	0	0.00	0	0	0	5.98	1.68	6.17	535
0.520	0.53	4.31	24.42	31.80	7.37	0.77	3.07	0.61	0.92	16.74	0.46	1.69	1.69	7.07	1.38	0.31	1.69	0	0.00	0	0	0.00	0	0	0	3.38	1.54	3.84	651
0.530	0.54	4.33	29.11	30.59	4.64	0.84	3.38	0.21	1.05	15.40	0.42	1.05	2.95	5.70	2.32	0.00	2.11	0	0.00	0	0	0.21	0	0	0	4.01	1.27	4.43	474
0.540	0.55	4.35	27.94	32.47	6.99	0.26	3.49	0.91	0.39	16.17	0.65	1.42	1.55	3.88	1.03	0.39	2.46	0	0.00	0	0	0.00	0	0	0	2.98	1.29	3.62	773
0.550	0.56	4.37	30.52	27.11	5.82	0.40	3.41	0.40	0.80	16.27	1.00	3.21	2.21	5.62	2.41	0.20	0.60	0	0.00	0	0	0.00	0	0	0	5.42	1.20	6.43	498
0.560	0.57	4.39	33.65	26.32	4.94	0.32	3.99	0.16	0.80	16.27	0.48	1.91	2.07	4.78	3.19	0.16	0.96	0	0.00	0	0	0.00	0	0	0	3.99	0.96	4.47	627
0.570	0.58	4.41	31.55	26.57	7.56	0.37	4.43	0.37	0.55	16.97	0.18	1.48	1.85	4.43	3.14	0.00	0.55	0	0.00	0	0	0.00	0	0	0	3.32	0.92	3.51	542
0.580	0.59	4.49	28.55	27.25	5.22	0.52	8.60	0.78	0.52	14.21	0.39	2.09	1.69	5.87	2.74	0.13	1.43	0	0.00	0	0	0.00	0	0	0	3.78	1.30	4.17	767
0.590	0.60	4.58	35.37	21.60	7.32	0.17	8.01	0.17	0.35	15.51	0.70	2.26	1.57	3.83	2.61	0.00	0.52	0	0.00	0	0	0.00	0	0	0	3.83	0.52	4.53	574
0.600	0.61	4.66	31.67	20.83	6.39	0.00	10.28	0.28	0.14	17.08	0.28	2.22	1.67	5.28	3.06	0.56	0.28	0	0.00	0	0	0.00	0	0	0	3.89	0.42	4.17	720
0.610	0.62	4.75	33.75	23.22	5.88	0.15	8.98	0.15	0.15	17.65	0.31	1.08	1.86	3.25	2.01	0.77	0.77	0	0.00	0	0	0.00	0	0	0	2.94	0.31	3.25	646
0.620	0.63	4.83	30.56	29.50	6.51	0.45	8.47	0.00	0.45	13.62	1.06	1.51	1.66	2.57	2.57	0.15	0.91	0	0.00	0	0	0.00	0	0	0	3.18	0.45	4.24	661
0.630	0.64	4.92	30.11	26.24	7.53	0.65	6.45	0.43	0.00	15.48	0.43	2.37	0.86	5.38	2.80	0.43	0.86	0	0.00	0	0	0.00	0	0	0	3.23	0.43	3.66	465
0.640	0.65	5.00	25.07	29.54	5.01	0.54	7.45	0.54	0.54	20.60	0.27	1.63	1.36	4.34	1.63	0.27	1.08	0	0.00	0	0	0.14	0	0	0	2.98	1.08	3.25	738
0.650	0.66	5.09	24.70	30.52	7.23	0.60	7.23	0.20	0.00	18.88	0.00	1.81	0.80	3.82	1.61	1.00	1.61	0	0.00	0	0	0.00	0	0	0	2.61	0.20	2.61	498
0.660	0.67	5.17	24.13	27.13	6.31	1.42	8.36	0.00	0.47	19.72	0.47	1.26	0.79	5.99	2.84	0.32	0.63	0	0.00	0	0	0.16	0	0	0	2.05	0.47	2.52	634
0.670	0.68	5.26	23.23	23.76	6.74	0.35	9.22	0.18	1.42	21.45	1.24	1.77	1.24	2.84	4.43	0.18	1.77	0	0.00	0	0	0.18	0	0	0	3.01	1.60	4.26	564
0.680	0.69	5.34	22.24	33.43	7.46	0.30	8.66	0.30	0.60	13.58	0.60	1.49	1.04	4.18	1.94	1.04	3.13	0	0.00	0	0	0.00	0	0	0	2.54	0.90	3.13	670
0.690	0.70	5.43	25.21	30.72	7.42	0.21	9.11	0.21	0.42	14.41	0.42	0.64	0.64	4.24	2.33	0.42	3.60	0	0.00	0	0	0.00	0	0	0	1.27	0.64	1.69	472
0.700	0.71	5.53	25.64	26.60	7.69	1.12	10.58	0.16	0.48	16.03	0.96	1.44	1.12	3.69	2.56	0.64	1.28	0	0.00	0	0	0.00	0	0	0	2.56	0.64	3.53	624
0.710	0.72	5.63	23.73	29.23	7.96	0.29	9.84	0.58	0.58	14.04	0.58	0.58	1.88	5.35	2.46	1.16	1.74	0	0.00	0	0	0.00	0	0	0	2.46	1.16	3.04	691
0.720	0.73	5.68	25.05	25.97	6.86	0.93	10.58	0.19	0.37	17.44	0.37	1.30	2.04	4.82	2.23	0.74	1.11	0	0.00	0	0	0.00	0	0	0	3.34	0.56	3.71	539
0.730	0.74	5.66	23.30	23.86	4.92	0.57	10.23	0.19	0.57	20.45	1.14	0.57	1.52	7.39	3.41	0.38	0.95	0	0.00	0	0	0.57	0	0	0	2.08	0.76	3.22	528
0.740	0.75	5.64	23.45	24.94	7.07	1.12	9.93	0.00	0.50	17.62	0.50	0.74	1.99	7.20	2.85	0.74	1.24	0	0.00	0	0	0.12	0	0	0	2.73	0.50	3.23	806
0.750	0.76	5.67	24.36	26.92	6.73	0.48	9.78	0.00	0.32	19.39	0.64	0.64	1.28	5.61	2.72	0.48	0.64	0	0.00	0	0	0.00	0	0	0	1.92	0.32	2.56	624
0.760	0.77	5.75	25.45	30.00	4.85	0.91	10.15	0.00	0.30	18.03	0.30	0.91	1.36	4.24	1.97	0.15	1.21	0	0.00	0	0	0.15	0	0	0	2.27	0.30	2.58	660
0.770	0.78	5.83	23.62	25.90	6.84	0.49	10.10	0.00	0.16	19.54	0.98	0.98	0.98	6.68	1.63	0.33	1.79	0	0.00	0	0	0.00	0	0	0	1.95	0.16	2.93	614
0.780	0.79	5.90	24.56	25.78	5.18	0.68	9.96	0.41	0.27	20.74	0.27	1.77	1.09	6.28	1.77	0.82	0.27	0	0.00	0	0	0.14	0	0	0	2.86	0.68	3.14	733
0.790	0.80	5.98	30.71	22.99	4.11	0.33	8.05	0.33	0.82	18.56	0.49	0.82	1.48	7.39	2.13	0.33	1.48	0	0.00	0	0	0.00	0	0	0	2.30	1.15	2.79	609
0.800	0.81	6.06	26.96	21.65	6.84	0.42	7.82	0.00	0.98	17.74	0.42	2.79	2.93	6.01	3.91	0.14	1.40	0	0.00	0	0	0.00	0	0	0	5.73	0.98	6.15	716
0.810	0.82	6.13	29.20	23.39	5.81	0.31	9.58	0.00	0.31	16.17	0.31	1.73	2.20	5.97	3.77	0.16	1.10	0	0.00	0	0	0.00	0	0	0	3.92	0.31	4.24	637
0.820	0.83	6.21	31.46	24.32	5.02	0.76	11.70	0.00	0.15	13.68	0.30	1.52	1.98	5.47	1.98	0.46	0.91	0	0.00	0	0	0.30	0	0	0	3.50	0.15	3.80	658
0.830	0.84	6.29	35.21	22.28	7.12	0.94	8.80	0.00	0.00	11.99	0.75	1.31	1.12	5.06	2.81	0.94	1.69	0	0.00	0	0	0.00	0	0	0	2.43	0.00	3.18	534
0.840	0.85	6.36	32.91	21.76	6.58	0.00	8.04	0.18	0.18	16.45	0.73	1.65	2.19	3.47	4.39	1.10	0.37	0	0.00	0	0	0.00	0	0	0	3.84	0.37	4.57	547
0.850	0.86	6.44	35.59	22.03	6.78	0.52	8.74	0.26	0.26	14.08	0.26	0.91	1.04	5.61	1.69	1.30	0.91	0	0.00	0	0	0.00	0	0	0	1.96	0.52	2.22	767
0.860	0.87	6.52	33.75	23.85	5.83	0.18	8.48	0.18	0.53	16.08	0.00	1.24	1.41	5.30	1.41	0.88	0.88	0	0.00	0	0	0.00	0	0	0	2.65	0.71	2.65	566
0.870	0.88	6.59	25.21	24.05	8.79	0.83	7.63	0.00	0.17	15.42	1.16	2.49	1.33	6.97	3.81	1.00	1.16	0	0.00	0	0	0.00	0	0	0	3.81	0.17	4.98	603
0.880	0.89	6.67	26.04	28.53	5.82	0.28	8.86	0.00	0.42	14.40	0.14	2.49	1.66	5.40	2.91	0.42	2.35	0	0.00	0	0	0.28	0	0	0	4.16	0.42	4.29	722
0.890	0.90	6.75	29.64	27.32	6.61	0.89	10.00	0.00	0.18	13.93	0.00	1.61	1.25	3.57	1.79	0.54	2.50	0	0.00	0	0	0.18	0	0	0	2.86	0.18	2.86	560
0.900	0.91	6.79	30.99	31.73	9.21	0.29	6.43	0.00	0.15	13.30	0.15	0.29	0.88	1.90	1.90	0.88	1.90	0	0.00	0	0	0.00	0	0	0	1.17	0.15	1.32	684
0.910	0.92	6.80	35.67	18.08	4.56	0.16	6.35	0.00	0.65	17.26	0.98	1.79	2.28	7.17	3.58	0.16	1.30	0	0.00	0	0	0.00	0	0	0	4.07	0.65	5.05	614
0.920	0.93	6.81	36.61	22.03	5.07	1.11	7.29	0.00	0.63	16.48	0.32	0.63	1.58	4.60	1.74	0.48	1.27	0	0.00	0	0	0.16	0	0	0	2.22	0.63	2.54	631
0.930	0.94	6.82	30.37	29.19	10.40	1.17	7.55	0.00	0.34	11.41	0.17	0.84	0.84	2.68	2.18	0.67	2.18	0	0.00	0	0	0.00	0	0	0	1.68	0.34	1.85	596
0.940	0.95	6.83	30.12	26.27	6.88	0.41	7.57	0.41	0.28	15.13	0.41	1.38	1.24	6.74	2.06	0.00	1.10	0	0.00	0	0	0.00	0	0	0	2.61	0.69	3.03	727
0.950	0.96	6.85	33.16	25.13	6.67	0.68	10.26	0.00	0.00	12.99	0.51	1.54	1.03	3.25	2.05	0.51	2.22	0	0.00	0	0	0.00	0	0	0	2.56	0.00	3.08	585
0.960	0.97	6.93	40.06	19.57	6.57	0.15	9.63	0.15	0.15	14.22	0.31	0.61	0.61	4.59	1.83	0.61	0.92	0	0.00	0	0	0.00	0	0	0	1.22	0.31	1.53	654
0.970	0.98	7.08	37.70	20.82	7.26	0.32	8.99	0.00	0.47	12.30	0.79	2.52	2.05	3.15	2.52	0.16	0.95	0	0.00	0	0	0.00	0	0	0	4.57	0.47	5.36	634
0.980	0.99	7.23	39.02	22.32	6.10	0.12	9.27	0.12	0.24	13.05	0.24	1.10	2.07	3.17	1.46	0.49	1.22	0	0.00	0	0	0.00	0	0	0	3.17	0.37	3.41	820
0.990	1.00	7.38	35.78	21.12	7.50	0.17	9.08	0.00	0.52	10.82	0.35	1.75	1.75	7.50	2.44	0.17	0.87	0	0.00	0	0	0.17	0	0	0	3.49	0.52	3.84	573
1.000	1.01	7.46	37.48	24.88	7.40	0.31	10.39	0.16	0.00	10.24	0.16	0.47	1.26	2.36	2.83	0.63	1.42	0	0.00	0	0	0.00	0	0	0	1.73	0.16	1.89	635
1.010	1.02	7.62	38.78	21.18	7.18	0.18	10.05	0.00	0.00	13.29	0.72	1.62	1.97	1.08	1.80	1.08	1.08	0	0.00	0	0	0.00	0	0	0	3.59	0.00	4.31	557
1.020	1.03	7.88	36.66	22.21	7.36	0.13	12.35	0.13	0.26	12.09	0.26	0.79	0.92	2.89	1.58	0.39	1.71	0	0.00	0	0	0.26	0	0	0	1.71	0.39	1.97	761
1.030	1.04	8.03	31.80	28.36	6.72	0.49	10.82	0.00	0.33	11.15	0.16	1.15	0.82	2.13	1.97	0.49	3.61	0	0.00	0	0	0.00	0	0	0	1.97	0.33	2.13	610
1.040	1.05	8.06	29.11	35.75	6.94	0.15	7.54	0.00	0.15	11.01	0.15	0.30	0.15	2.56	1.81	0.15	4.22	0	0.00	0	0	0.00	0	0	0	0.45	0.15	0.60	663
1.050	1.06	8.09	28.74	28.91	8.67	0.34	6.97	0.00	0.00	9.86	0.34	0.85	1.02	3.74	1.36	0.17	9.01	0	0.00	0	0	0.00	0	0	0	1.87	0.00	2.21	588
1.060	1.07	8.12	34.26	20.83	4.94	0.15	12.19	0.00	0.00	14.66	0.46	1.08	2.16	5.56	2.16	0.46	0.93	0	0.00	0	0	0.15	0	0	0	3.24	0.00	3.70	648
1.070	1.08	8.15	32.94	20.23	8.03	0.33	13.21	0.00	0.00	12.37	0.33	1.17	1.34	4.52	3.01	0.00	2.51	0	0.00	0	0	0.00	0	0	0	2.51	0.00	2.84	598
1.080	1.09	8.18	34.94	19.13	7.15	0.17	13.81	0.00	0.17	12.81	0.50	1.00	1.83	5.32	2.33	0.33	0.50	0	0.00	0	0	0.00	0	0	0	2.83	0.17	3.33	601
1.090	1.10	8.22	32.24	22.99	7.21	0.14	14.97	0.00	0.14	12.93	0.27	0.95	0.82	4.22	1.09	0.41	1.63	0	0.00	0	0	0.00	0	0	0	1.77	0.14	2.04	735
1.100	1.11	8.26	28.99	23.26	8.37	0.31	15.66	0.00	0.00	14.57	0.16	0.47	1.71	3.41	1.24	0.78	1.09	0	0.00	0	0	0.00	0	0	0	2.17	0.00	2.33	645
1.110	1.12	8.30	29.28	20.64	6.30	0.44	12.88	0.00	0.00	18.59	0.59	1.17	1.90	5.71	1.46	0.29	0.59	0	0.00	0	0	0.15	0	0	0	3.07		3.66	683
1.120	1.13	8.33	26.85	20.55	7.40	0.55	15.07	0.14	0.00	16.85	0.41	1.78	1.78	4.66	2.74	0.14	1.10	0	0.00	0	0	0.00	0	0	0	3.56	0.14	3.97	730
1.130	1.14	8.37	26.58	19.09	8.96	0.44	13.80	0.00	0.15	16.74	1.03	2.06	1.32	5.87	2.50	0.00	1.17	0	0.00	0	0	0.29	0	0	0	3.38	0.15	4.41	681
1.140	1.15	8.41	28.33	25.57	7.35	0.31	16.39	0.00	0.00	15.01	0.31	0.61	0.46	2.45	1.84	0.31	1.07	0	0.00	0	0	0.00	0	0	0	1.07	0.00	1.38	653
1.150	1.16	8.45	27.81	21.57	15.15	0.53	14.08	0.00	0.00	13.73	0.18	0.18	0.36	2.50	1.25	0.36	2.32	0	0.00	0	0	0.00	0	0	0	0.53	0.00	0.71	561
1.160	1.17	8.49	26.32	28.25	11.93	0.88	11.93	0.00	0.00	13.51	0.53	0.53	0.70	1.58	1.05	0.53	2.28	0	0.00	0	0	0.00	0	0	0	1.23	0.00	1.75	570
1.170	1.18	8.53	30.26	19.46	7.81	0.00	14.63	0.14	0.14	16.48	0.43	1.14	1.28	4.40	1.70	0.85	1.28	0	0.00	0	0	0.00	0	0	0	2.41	0.28	2.84	704
1.180	1.19	8.57	26.20	19.73	8.46	0.50	17.25	0.00	0.00	17.08	0.00	0.66	1.99	3.15	2.99	0.17	1.82	0	0.00	0	0	0.00	0	0	0	2.65	0.00	2.65	603
1.190	1.20	8.62	29.48	21.63	6.96	0.30	16.74	0.00	0.00	13.78	0.89	1.33	1.78	3.70	2.22	0.15	1.04	0	0.00	0	0	0.00	0	0	0	3.11		4.00	675
1.200	1.21	8.68	23.60	26.75	10.49	0.87	16.43	0.00	0.17	13.64	0.17	0.52	0.35	2.45	1.75	1.22	1.40	0	0.00	0	0	0.17	0	0	0	0.87	0.17	1.05	572
1.210	1.22	8.75	28.81	25.12	8.17	0.31	14.18	0.00	0.15	14.95	0.31	0.77	1.08	2.62	1.69	0.77	1.08	0	0.00	0	0	0.00	0	0	0	1.85		2.16	649
1.220	1.23	8.81	31.30	22.75	6.96	0.43	12.17	0.00	0.00	15.36	0.43	1.16	2.46	3.19	2.32	0.87	0.58	0	0.00	0	0	0.00	0	0	0	3.62	0.00	4.06	690
1.230	1.24	8.88	29.29	21.55	7.28	0.76	14.26	0.00	0.00	15.63	0.30	1.52	1.52	2.58	1.82	0.61	2.88	0	0.00	0	0	0.00	0	0	0	3.03		3.34	659
1.240	1.25	8.94	29.96	22.61	6.07	0.18	11.58	0.00	0.18	19.30	0.00	0.74	1.47	1.47	3.68	0.92	1.84	0	0.00	0	0	0.00	0	0	0	2.21	0.18	2.21	544
1.250	1.26	9.01	27.62	20.68	10.34	0.28	8.92	0.00	0.00	19.97	0.42	1.13	1.56	3.68	3.26	0.28	1.84	0	0.00	0	0	0.00	0	0	0	2.69	0.00	3.12	706
1.260	1.27	9.07	25.80	26.31	6.75	0.34	14.84	0.00	0.00	15.68	0.17	1.52	2.19	2.87	1.85	0.34	1.35	0	0.00	0	0	0.00	0	0	0	3.71	0.00	3.88	593
1.270	1.28	9.14	25.75	23.98	8.27	0.14	10.98	0.00	0.54	17.89	0.27	0.54	1.63	5.01	4.07	0.27	0.54	0	0.00	0	0	0.14	0	0	0	2.17	0.54	2.44	738
1.280	1.29	9.20	25.28	29.52	7.20	0.56	12.57	0.00	0.28	16.24	0.28	0.99	1.27	1.98	1.27	0.56	1.84	0	0.00	0	0	0.14	0	0	0	2.26	0.28	2.54	708
1.290	1.30	9.26	25.25	23.26	7.64	0.83	13.62	0.00	0.00	18.60	0.50	1.00	1.16	3.99	1.99	0.66	1.50	0	0.00	0	0	0.00	0	0	0	2.16	0.00	2.66	602
1.300	1.31	9.33	25.88	26.95	7.50	0.31	14.70	0.00	0.31	14.85	0.15	0.15	0.92	3.98	1.68	0.77	1.84	0	0.00	0	0	0.00	0	0	0	1.07	0.31	1.23	653
1.320	1.33	9.45	23.19	28.45	10.36	0.49	10.86	0.00	0.00	14.97	0.33	1.32	1.81	2.14	2.14	1.48	2.47	0	0.00	0	0	0.00	0	0	0	3.13	0.00	3.45	608
1.330	1.34	9.58	21.05	30.98	10.33	0.52	16.08	0.00	0.13	13.86	0.13	0.92	0.92	1.70	1.05	0.92	1.44	0	0.00	0	0	0.00	0	0	0	1.83	0.13	1.96	765
1.340	1.35	9.74	21.96	25.67	10.83	0.59	14.84	0.00	0.74	17.06	0.15	0.89	1.93	1.63	2.37	0.45	0.89	0	0.00	0	0	0.00	0	0	0	2.82	0.74	2.97	674
1.360	1.37	10.03	26.79	24.30	10.44	0.31	9.81	0.00	0.16	17.76	0.16	2.02	2.49	2.65	1.40	0.93	0.78	0	0.00	0	0	0.00	0	0	0	4.52	0.16	4.67	642
1.380	1.39	10.31	29.02	21.45	8.83	0.79	10.73	0.00	0.63	14.67	0.16	0.79	1.58	4.73	4.89	0.47	1.26	0	0.00	0	0	0.00	0	0	0	2.37	0.63	2.52	634
1.400	1.41	10.48	25.76	25.89	9.38	0.00	8.19	0.13	0.13	20.08	0.26	0.92	1.45	4.23	1.98	0.53	1.06	0	0.00	0	0	0.00	0	0	0	2.38	0.26	2.64	757
1.420	1.43	10.62	20.57	25.90	9.67	0.50	10.78	0.00	0.12	18.96	0.25	0.62	1.73	3.84	2.85	1.12	2.73	0	0.00	0	0	0.37	0	0	0	2.35	0.12	2.60	807
1.440	1.45	10.75	18.57	26.99	8.18	0.23	10.75	0.00	0.00	24.42	0.12	1.29	1.29	3.39	1.64	0.93	1.99	0	0.00	0	0	0.23	0	0	0	2.57	0.00	2.69	856
1.460	1.47	10.88	23.64	21.60	13.99	0.27	9.92	0.00	0.00	19.84	0.82	1.36	0.95	3.67	1.49	1.09	1.22	0	0.00	0	0	0.14	0	0	0	2.31	0.00	3.13	736
1.490	1.50	10.95	19.08	29.91	6.50	0.43	10.40	0.00	0.00	21.39	0.58	0.87	0.87	3.90	1.59	1.45	3.03	0	0.00	0	0	0.00	0	0	0	1.73	0.00	2.31	692
1.500	1.51	11.02	21.70	23.23	9.18	0.83	7.65	0.14	0.00	25.59	0.97	0.42	0.42	4.73	1.81	1.25	2.09	0	0.00	0	0	0.00	0	0	0	0.83	0.14	1.81	719
1.520	1.53	11.03	21.77	22.51	10.33	0.55	10.89	0.37	0.00	22.88	0.00	1.29	0.92	3.69	2.58	0.74	1.48	0	0.00	0	0	0.00	0	0	0	2.21	0.37	2.21	542
1.540	1.55	11.01	21.34	23.11	10.10	0.51	8.46	0.00	0.00	26.01	0.63	0.38	1.01	3.79	1.77	0.51	2.27	0	0.00	0	0	0.13	0	0	0	1.39	0.00	2.02	792
1.560	1.57	11.12	18.52	29.19	12.30	0.59	7.70	0.15	0.44	23.70	0.30	0.44	0.74	1.19	0.89	1.48	2.22	0	0.00	0	0	0.15	0	0	0	1.19	0.59	1.48	675
1.580	1.59	11.36	22.55	24.21	8.96	0.50	6.80	0.17	0.00	26.87	1.00	0.66	0.83	3.32	1.99	0.50	1.66	0	0.00	0	0	0.00	0	0	0	1.49	0.17	2.49	603
1.600	1.61	11.63	19.47	20.60	11.34	0.38	7.18	0.19	0.19	31.76	1.13	1.13	1.51	2.84	0.95	0.38	0.95	0	0.00	0	0	0.00	0	0	0	2.65	0.38	3.78	529
1.610	1.62	11.77	20.30	23.06	14.39	0.18	4.98	0.18	0.00	25.09	0.37	1.48	2.77	3.51	1.48	0.37	1.85	0	0.00	0	0	0.00	0	0	0	4.24	0.18	4.61	542
1.620	1.63	11.87	18.76	22.42	14.94	0.00	3.97	0.32	0.16	26.23	0.32	1.91	1.27	4.13	3.18	0.16	2.23	0	0.00	0	0	0.00	0	0	0	3.18	0.48	3.50	629
1.640	1.65	12.07	21.03	20.65	11.85	0.57	5.74	0.38	0.00	28.68	0.19	2.29	1.72	3.82	1.53	0.19	1.15	0	0.00	0	0	0.19	0	0	0	4.02	0.38	4.21	523
1.660	1.67	12.27	21.78	23.59	11.25	0.54	7.44	0.54	0.00	25.77	0.54	1.45	0.54	3.09	2.54	0.00	0.91	0	0.00	0	0	0.00	0	0	0	2.00	0.54	2.54	551
1.680	1.69	12.47	19.54	29.69	13.23	0.00	5.54	0.15	0.31	20.92	0.92	1.38	0.62	2.31	1.85	0.46	3.08	0	0.00	0	0	0.00	0	0	0	2.00	0.46	2.92	650
1.690	1.70	12.57	23.98	21.95	12.60	0.14	6.78	0.14	0.41	21.68	0.68	1.63	1.08	2.98	2.44	0.14	3.39	0	0.00	0	0	0.00	0	0	0	2.71	0.54	3.39	738
1.700	1.71	12.67	19.47	23.08	14.76	0.31	7.69	0.16	0.16	21.04	0.47	1.10	3.30	4.40	2.67	0.31	1.10	0	0.00	0	0	0.00	0	0	0	4.40	0.31	4.87	637
1.720	1.73	12.82	21.88	23.56	14.45	0.14	7.01	0.00	0.00	19.21	0.84	1.40	2.24	5.05	2.38	0.70	1.12	0	0.00	0	0	0.00	0	0	0	3.65	0.00	4.49	713
1.740	1.75	12.95	24.81	21.99	15.98	0.19	6.58	0.19	0.00	17.86	1.50	2.26	1.88	3.20	2.26	0.75	0.56	0	0.00	0	0	0.00	0	0	0	4.14	0.19	5.64	532
1.760	1.77	13.08	26.47	23.20	13.07	0.00	6.21	0.00	0.00	19.93	0.65	2.61	1.31	2.94	2.29	0.33	0.98	0	0.00	0	0	0.00	0	0	0	3.92	0.00	4.58	612
1.780	1.79	13.21	24.70	23.65	13.62	0.00	8.83	0.15	0.00	19.01	0.45	1.05	1.35	3.44	1.35	0.60	1.50	0	0.00	0	0	0.30	0	0	0	2.40	0.15	2.84	668
1.790	1.80	13.28	25.36	19.75	14.86	0.18	8.70	0.18	0.00	18.66	0.18	1.81	1.81	3.99	0.91	1.45	2.17	0	0.00	0	0	0.00	0	0	0	3.62	0.18	3.80	552
1.800	1.81	13.35	27.48	19.13	16.52	0.17	8.17	0.00	0.00	18.96	0.52	1.04	3.65	1.74	0.87	1.04	0.35	0	0.00	0	0	0.35	0	0	0	4.70	0.00	5.22	575
1.820	1.83	13.48	23.37	24.78	15.29	0.35	6.68	0.18	0.35	17.57	0.70	1.58	2.28	3.87	1.41	0.35	1.05	0	0.00	0	0	0.18	0	0	0	3.87	0.53	4.57	569
1.840	1.85	13.61	23.21	22.63	16.63	0.19	6.19	0.00	0.00	17.99	0.97	2.71	2.51	3.68	2.13	0.77	0.39	0	0.00	0	0	0.00	0	0	0	5.22	0.00	6.19	517
1.860	1.87	13.74	25.80	22.43	16.69	0.00	7.25	0.00	0.17	16.86	1.35	1.35	0.67	2.70	1.35	1.52	1.85	0	0.00	0	0	0.00	0	0	0	2.02	0.17	3.37	593
1.880	1.89	13.87	22.33	25.38	14.56	0.28	11.10	0.14	0.14	15.67	0.42	1.53	0.83	3.33	1.53	0.97	1.66	0	0.00	0	0	0.14	0	0	0	2.36	0.28	2.77	721
1.900	1.91	14.00	25.00	23.92	18.53	0.00	6.12	0.00	0.18	15.29	0.18	1.26	1.08	3.60	1.98	0.54	2.16	0	0.00	0	0	0.18	0	0	0	2.34	0.18	2.52	556
1.920	1.93	14.14	24.26	22.04	14.81	0.19	9.07	0.19	0.00	19.26	0.37	1.48	2.59	1.48	1.67	0.00	2.59	0	0.00	0	0	0.00	0	0	0	4.07	0.19	4.44	540
1.940	1.95	14.27	22.14	26.13	13.79	0.00	8.89	0.00	0.00	14.88	0.18	2.36	2.18	4.72	1.63	1.63	1.45	0	0.00	0	0	0.00	0	0	0	4.54	0.00	4.72	551
1.950	1.96	14.33	23.52	21.90	13.64	0.18	11.85	0.00	0.00	16.52	0.72	1.97	1.44	5.03	1.44	0.72	1.08	0	0.00	0	0	0.00	0	0	0	3.41	0.00	4.13	557
1.960	1.97	14.40	26.51	18.13	12.67	0.00	6.24	0.19	0.00	18.13	0.97	2.92	4.48	4.09	2.34	1.17	2.14	0	0.00	0	0	0.00	0	0	0	7.41	0.19	8.38	513
1.990	2.00	14.60	25.85	15.51	17.29	0.18	5.17	0.00	0.00	17.29	0.53	5.17	4.10	5.53	2.67	0.36	0.36	0	0.00	0	0	0.00	0	0	0	9.27	0.00	9.80	561
2.000	2.01	14.66	22.91	21.64	21.27	0.00	6.18	0.00	0.00	16.18	0.55	1.27	2.73	2.18	1.64	2.36	1.09	0	0.00	0	0	0.00	0	0	0	4.00	0.00	4.55	550
2.020	2.03	14.79	31.58	17.48	13.53	0.00	6.95	0.00	0.00	17.67	0.19	1.50	2.07	4.70	1.50	1.32	1.50	0	0.00	0	0	0.00	0	0	0	3.57	0.00	3.76	532
2.040	2.05	14.92	31.27	19.64	16.36	0.18	4.91	0.00	0.00	17.45	0.91	0.91	1.27	4.36	0.91	1.45	0.18	0	0.00	0	0	0.18	0	0	0	2.18	0.00	3.09	550
2.050	2.06	14.99	31.09	21.16	12.73	0.00	4.49	0.00	0.00	20.41	0.56	2.62	2.06	2.25	0.75	1.31	0.37	0	0.00	0	0	0.19	0	0	0	4.68	0.00	5.24	534
2.080	2.09	15.19	30.81	24.82	10.56	0.18	6.87	0.00	0.00	17.61	0.53	1.76	1.23	2.46	1.23	1.41	0.53	0	0.00	0	0	0.00	0	0	0	2.99	0.00	3.52	568
2.100	2.11	15.32	28.40	24.17	8.16	0.30	8.61	0.15	0.00	19.34	0.00	1.06	3.17	1.81	1.51	1.21	2.11	0	0.00	0	0	0.00	0	0	0	4.23	0.15	4.23	662
2.120	2.13	15.45	32.92	17.87	10.03	0.00	4.08	0.00	0.16	21.32	0.94	1.57	2.19	5.96	0.47	1.57	0.94	0	0.00	0	0	0.00	0	0	0	3.76	0.16	4.70	638
2.150	2.16	15.65	34.55	20.18	7.64	0.00	3.64	0.00	0.00	24.36	0.73	1.09	1.82	4.00	0.36	1.27	0.36	0	0.00	0	0	0.00	0	0	0	2.91	0.00	3.64	550
2.160	2.17	15.71	27.99	24.44	8.40	0.00	4.85	0.00	0.00	24.44	0.37	0.93	1.31	3.54	1.12	1.12	1.49	0	0.00	0	0	0.00	0	0	0	2.24	0.00	2.61	536
2.180	2.19	15.85	29.01	21.47	10.25	0.00	5.61	0.19	0.00	20.31	1.16	2.13	2.71	3.48	0.97	1.55	1.16	0	0.00	0	0	0.00	0	0	0	4.84	0.19	6.00	517
2.200	2.21	15.98	24.40	22.74	11.09	0.00	4.62	0.00	0.00	25.51	0.00	3.14	2.22	3.33	1.29	0.74	0.92	0	0.00	0	0	0.00	0	0	0	5.36	0.00	5.36	541
2.210	2.22	16.04	23.30	21.02	7.58	0.19	6.82	0.38	0.00	22.35	1.33	4.36	4.17	4.92	0.57	2.65	0.38	0	0.00	0	0	0.00	0	0	0	8.52	0.38	9.85	528
2.240	2.25	16.24	27.29	19.30	12.15	0.00	6.66	0.00	0.33	20.30	0.50	2.16	3.00	4.83	1.50	1.66	0.17	0	0.00	0	0	0.17	0	0	0	5.16	0.33	5.66	601
2.250	2.26	16.31	28.95	23.27	11.01	0.36	7.99	0.36	0.00	17.41	0.36	1.78	1.95	2.66	1.24	1.78	0.71	0	0.00	0	0	0.18	0	0	0	3.73	0.36	4.09	563
2.260	2.27	16.37	24.37	18.82	10.39	0.00	7.35	0.00	0.00	23.66	0.72	3.41	4.48	4.84	0.36	1.08	0.54	0	0.00	0	0	0.00	0	0	0	7.89	0.00	8.60	558
2.300	2.31	16.28	27.66	21.45	10.28	0.35	9.93	0.00	0.00	16.67	0.71	2.30	3.19	3.37	1.95	1.06	1.06	0	0.00	0	0	0.00	0	0	0	5.50	0.00	6.21	564
2.320	2.33	16.23	23.91	26.28	15.15	0.18	4.74	0.00	0.00	13.69	0.55	3.47	3.10	5.47	1.09	1.46	0.91	0	0.00	0	0	0.00	0	0	0	6.57	0.00	7.12	548
2.340	2.35	16.18	24.60	25.71	16.83	0.16	6.35	0.00	0.00	15.56	0.79	1.59	2.22	2.70	1.27	1.43	0.79	0	0.00	0	0	0.00	0	0	0	3.81	0.00	4.60	630
2.360	2.37	16.13	25.33	24.58	17.64	0.00	4.50	0.00	0.00	15.76	0.38	2.25	3.75	2.25	0.94	1.88	0.75	0	0.00	0	0	0.00	0	0	0	6.00	0.00	6.38	533
2.380	2.39	16.08	22.69	22.87	13.07	0.00	3.99	0.18	0.00	17.60	1.27	5.44	4.72	6.72	1.09	0.36	0.00	0	0.00	0	0	0.00	0	0	0	10.16	0.18	11.43	551
2.420	2.43	16.11	24.25	27.63	12.59	0.19	6.02	0.38	0.00	14.85	1.50	2.82	1.32	5.64	1.69	0.75	0.38	0	0.00	0	0	0.00	0	0	0	4.14	0.38	5.64	532
2.440	2.45	16.23	27.76	25.18	8.27	0.18	7.35	0.00	0.18	15.81	0.55	3.86	3.49	5.88	0.37	0.55	0.55	0	0.00	0	0	0.00	0	0	0	7.35	0.18	7.90	544
2.460	2.47	16.34	26.73	23.46	9.81	0.19	10.96	0.19	0.00	15.19	0.19	3.08	2.69	3.85	0.77	1.35	1.54	0	0.00	0	0	0.00	0	0	0	5.77	0.19	5.96	520
2.480	2.49	16.46	25.84	19.66	8.80	0.00	6.93	0.19	0.19	17.98	0.75	5.43	5.24	6.93	1.87	0.19	0.00	0	0.00	0	0	0.00	0	0	0	10.67	0.37	11.42	534
2.500	2.51	16.57	29.78	20.40	8.82	0.18	7.35	0.18	0.18	16.18	1.65	4.96	3.86	4.96	0.74	0.37	0.37	0	0.00	0	0	0.00	0	0	0	8.82	0.37	10.48	544
2.520	2.53	16.68	27.03	21.24	8.88	0.00	6.18	0.39	0.00	18.92	1.35	4.63	4.44	5.41	0.97	0.19	0.39	0	0.00	0	0	0.00	0	0	0	9.07	0.39	10.42	518
2.540	2.55	16.79	27.41	22.20	12.93	0.39	5.98	0.58	0.00	12.93	0.77	4.63	4.44	5.41	1.16	0.00	1.16	0	0.00	0	0	0.00	0	0	0	9.07	0.58	9.85	518
2.560	2.57	16.90	25.89	20.36	11.26	0.20	7.51	0.00	0.40	18.58	1.19	3.16	2.96	6.72	1.19	0.00	0.59	0	0.00	0	0	0.00	0	0	0	6.13	0.40	7.31	506
2.580	2.59	17.00	24.90	22.16	11.18	0.00	10.00	0.59	0.00	15.49	1.57	1.96	3.92	5.49	1.57	0.78	0.39	0	0.00	0	0	0.00	0	0	0	5.88	0.59	7.45	510
2.600	2.61	17.11	25.05	22.01	17.08	0.38	7.78	0.00	0.00	14.61	0.38	2.66	2.09	4.36	1.52	0.38	1.71	0	0.00	0	0	0.00	0	0	0	4.74	0.00	5.12	527
2.620	2.63	17.21	25.05	22.11	13.89	0.00	11.15	0.00	0.00	12.72	0.00	4.89	2.74	4.31	2.15	0.00	0.98	0	0.00	0	0	0.00	0	0	0	7.63	0.00	7.63	511
2.660	2.67	17.43	26.76	18.55	14.26	0.00	13.67	0.00	0.00	14.26	0.78	2.34	2.15	4.88	1.37	0.20	0.78	0	0.00	0	0	0.00	0	0	0	4.49	0.00	5.27	512
2.690	2.70	17.59	28.28	15.88	12.23	0.00	13.14	0.36	0.18	14.05	0.36	4.93	4.56	4.93	0.91	0.00	0.18	0	0.00	0	0	0.00	0	0	0	9.49	0.55	9.85	548
2.700	2.71	17.64	29.14	17.98	10.99	0.00	10.12	0.00	0.17	15.36	0.70	4.01	4.19	4.89	1.92	0.00	0.52	0	0.00	0	0	0.00	0	0	0	8.20	0.17	8.90	573
2.710	2.72	17.66	31.76	14.93	12.29	0.00	11.15	0.00	0.00	15.12	0.38	2.65	3.02	6.05	2.08	0.00	0.57	0	0.00	0	0	0.00	0	0	0	5.67	0.00	6.05	529
2.740	2.75	17.63	33.72	12.98	13.37	0.00	6.98	0.00	0.00	15.31	0.97	3.29	4.46	6.40	1.74	0.00	0.78	0	0.00	0	0	0.00	0	0	0	7.75	0.00	8.72	516
2.760	2.77	17.62	34.44	8.89	10.37	0.00	7.59	0.00	0.00	16.67	0.74	6.30	5.00	8.33	1.11	0.19	0.37	0	0.00	0	0	0.00	0	0	0	11.30	0.00	12.04	540
2.780	2.79	17.60	33.40	7.81	14.26	0.00	11.33	0.00	0.20	16.80	0.78	6.05	3.71	3.71	1.37	0.00	0.59	0	0.00	0	0	0.00	0	0	0	9.77	0.20	10.55	512
2.800	2.81	17.58	37.89	10.55	12.11	0.00	11.91	0.00	0.00	13.87	0.20	3.12	3.91	5.08	0.98	0.00	0.39	0	0.00	0	0	0.00	0	0	0	7.03	0.00	7.23	512
2.820	2.83	17.56	32.11	12.38	16.44	0.00	8.70	0.00	0.00	15.28	0.19	3.48	5.22	5.22	0.77	0.19	0.00	0	0.00	0	0	0.00	0	0	0	8.70	0.00	8.90	517
2.860	2.87	17.53	26.56	12.11	24.02	0.00	10.16	0.00	0.00	12.89	0.20	3.52	3.91	5.27	1.37	0.00	0.00	0	0.00	0	0	0.00	0	0	0	7.42	0.00	7.62	512
2.890	2.90	17.50	24.24	12.02	20.99	0.00	8.78	0.57	0.00	16.41	0.57	3.82	4.77	6.11	1.15	0.38	0.19	0	0.00	0	0	0.00	0	0	0	8.59	0.57	9.16	524
2.900	2.91	17.49	22.68	16.84	24.91	0.00	9.79	0.00	0.00	13.57	1.03	2.75	3.95	3.44	0.86	0.17	0.00	0	0.00	0	0	0.00	0	0	0	6.70	0.00	7.73	582
2.920	2.93	17.58	26.39	15.06	22.49	0.00	7.25	0.00	0.00	14.13	0.74	6.13	3.35	2.97	1.30	0.19	0.00	0	0.00	0	0	0.00	0	0	0	9.48	0.00	10.22	538
2.940	2.95	17.70	32.76	13.98	18.01	0.00	6.13	0.00	0.19	12.84	0.77	5.17	3.45	4.98	1.34	0.19	0.19	0	0.00	0	0	0.00	0	0	0	8.62	0.19	9.39	522
2.960	2.97	17.82	31.23	12.09	25.81	0.00	4.33	0.00	0.00	13.18	0.90	2.17	4.87	3.79	1.44	0.18	0.00	0	0.00	0	0	0.00	0	0	0	7.04	0.00	7.94	554
2.980	2.99	17.94	26.15	11.02	18.42	0.16	4.11	0.00	0.00	16.12	1.15	7.07	5.26	8.55	1.97	0.00	0.00	0	0.00	0	0	0.00	0	0	0	12.34	0.00	13.49	608
3.000	3.01	18.06	30.45	13.72	23.68	0.00	7.33	0.00	0.00	11.84	0.75	2.26	4.14	3.76	1.69	0.19	0.19	0	0.00	0	0	0.00	0	0	0	6.39	0.00	7.14	532
3.020	3.03	18.16	31.33	18.58	17.12	0.00	7.47	0.00	0.00	10.56	2.37	2.19	3.28	5.10	1.28	0.55	0.18	0	0.00	0	0	0.00	0	0	0	5.46	0.00	7.83	549
3.040	3.05	18.26	26.05	19.54	13.98	0.00	6.90	0.19	0.00	10.54	2.87	4.79	3.26	8.43	2.87	0.19	0.38	0	0.00	0	0	0.00	0	0	0	8.05	0.19	10.92	522
3.070	3.08	18.41	33.64	12.83	18.59	0.00	3.72	0.19	0.00	8.55	1.86	2.79	8.18	7.81	1.30	0.37	0.19	0	0.00	0	0	0.00	0	0	0	10.97	0.19	12.83	538
3.080	3.09	18.46	35.48	12.19	19.00	0.00	1.25	0.18	0.00	10.22	1.43	7.17	6.99	5.02	0.36	0.54	0.18	0	0.00	0	0	0.00	0	0	0	14.16	0.18	15.59	558
3.120	3.13	18.65	29.40	8.32	12.62	0.00	1.66	0.00	0.00	14.15	0.97	15.12	10.96	5.83	0.97	0.00	0.00	0	0.00	0	0	0.00	0	0	0	26.07	0.00	27.05	721
3.140	3.15	18.70	30.90	8.31	15.78	0.00	1.00	0.00	0.00	13.29	1.99	10.13	11.46	6.31	0.66	0.17	0.00	0	0.00	0	0	0.00	0	0	0	21.59	0.00	23.59	602
3.160	3.17	18.74	32.67	8.17	12.35	0.00	0.80	0.00	0.00	13.35	3.19	9.36	10.96	7.77	1.39	0.00	0.00	0	0.00	0	0	0.00	0	0	0	20.32	0.00	23.51	502
3.200	3.21	18.81	35.96	9.36	16.75	0.00	1.48	0.16	0.00	12.32	1.97	8.21	8.87	4.27	0.49	0.16	0.00	0	0.00	0	0	0.00	0	0	0	17.08	0.16	19.05	609
3.220	3.23	18.85	28.88	8.05	15.65	0.00	0.91	0.00	0.00	15.81	1.98	9.73	10.64	7.29	0.76	0.30	0.00	0	0.00	0	0	0.00	0	0	0	20.36	0.00	22.34	658
3.240	3.25	18.88	29.78	10.26	11.05	0.00	1.18	0.00	0.00	14.99	1.97	12.03	12.03	6.31	0.20	0.20	0.00	0	0.00	0	0	0.00	0	0	0	24.06	0.00	26.04	507
3.260	3.27	18.92	25.33	9.77	11.09	0.00	0.99	0.00	0.00	16.39	2.32	8.61	13.91	10.93	0.50	0.17	0.00	0	0.00	0	0	0.00	0	0	0	22.52	0.00	24.83	604
3.300	3.31	18.99	32.24	9.36	10.05	0.00	1.91	0.00	0.00	14.73	5.03	8.49	9.53	8.32	0.00	0.35	0.00	0	0.00	0	0	0.00	0	0	0	18.02	0.00	23.05	577
3.320	3.33	19.03	30.98	7.98	11.69	0.00	2.60	0.00	0.00	15.21	2.41	10.02	10.58	8.16	0.00	0.37	0.00	0	0.00	0	0	0.00	0	0	0	20.59	0.00	23.01	539
3.340	3.35	19.06	37.52	10.44	10.44	0.00	1.93	0.00	0.00	14.89	3.09	7.74	8.32	4.45	1.16	0.00	0.00	0	0.00	0	0	0.00	0	0	0	16.05	0.00	19.15	517
3.360	3.37	19.10	29.19	9.91	10.27	0.00	1.26	0.00	0.00	17.66	3.24	8.65	12.79	5.95	0.72	0.36	0.00	0	0.00	0	0	0.00	0	0	0	21.44	0.00	24.68	555
3.380	3.39	19.14	32.62	6.25	13.28	0.00	1.17	0.00	0.20	14.84	6.05	9.96	7.23	7.81	0.39	0.20	0.00	0	0.00	0	0	0.00	0	0	0	17.19	0.20	23.24	512
3.400	3.41	19.17	32.96	14.23	14.42	0.19	0.56	0.00	0.19	11.61	2.62	5.62	9.93	7.12	0.56	0.00	0.00	0	0.00	0	0	0.00	0	0	0	15.54	0.19	18.16	534
3.440	3.45	19.24	32.95	9.06	11.95	0.00	1.16	0.00	0.00	20.23	4.05	6.36	6.55	5.97	1.73	0.00	0.00	0	0.00	0	0	0.00	0	0	0	12.91	0.00	16.96	519
3.460	3.47	19.28	31.03	9.31	9.83	0.00	0.86	0.00	0.00	15.86	5.34	10.00	9.14	8.28	0.34	0.00	0.00	0	0.00	0	0	0.00	0	0	0	19.14	0.00	24.48	580
3.500	3.51	19.35	29.82	8.25	8.77	0.00	0.70	0.00	0.00	15.09	3.33	10.70	13.68	8.77	0.70	0.18	0.00	0	0.00	0	0	0.00	0	0	0	24.39	0.00	27.72	570
3.510	3.52	19.37	28.48	10.03	13.59	0.00	0.49	0.00	0.00	14.72	5.99	9.55	11.17	5.50	0.49	0.00	0.00	0	0.00	0	0	0.00	0	0	0	20.71	0.00	26.70	618
3.520	3.53	19.39	26.13	10.89	12.89	0.00	1.27	0.00	0.00	17.06	3.99	13.07	8.53	5.99	0.18	0.00	0.00	0	0.00	0	0	0.00	0	0	0	21.60	0.00	25.59	551
3.560	3.57	19.48	30.50	16.08	12.38	0.00	2.59	0.00	0.18	15.53	2.03	5.91	5.91	7.39	0.74	0.74	0.00	0	0.00	0	0	0.00	0	0	0	11.83	0.18	13.86	541
3.600	3.61	19.57	32.02	11.66	13.79	0.00	1.97	0.00	0.00	13.96	2.96	6.57	9.20	6.73	0.49	0.66	0.00	0	0.00	0	0	0.00	0	0	0	15.76	0.00	18.72	609
3.620	3.63	19.61	33.03	12.55	9.41	0.00	2.77	0.00	0.37	14.39	3.51	8.49	8.86	6.46	0.00	0.00	0.18	0	0.00	0	0	0.00	0	0	0	17.34	0.37	20.85	542
3.660	3.67	19.70	31.31	9.76	11.95	0.00	1.18	0.00	0.00	13.30	4.38	8.25	11.45	7.58	0.84	0.00	0.00	0	0.00	0	0	0.00	0	0	0	19.70	0.00	24.07	594
3.680	3.69	19.75	29.71	9.42	13.31	0.00	0.65	0.00	0.00	15.91	3.90	7.95	10.88	7.63	0.65	0.00	0.00	0	0.00	0	0	0.00	0	0	0	18.83	0.00	22.73	616
3.700	3.71	19.79	30.74	11.74	9.15	0.00	0.86	0.17	0.00	14.68	3.63	12.95	7.77	7.94	0.35	0.00	0.00	0	0.00	0	0	0.00	0	0	0	20.73	0.17	24.35	579
3.740	3.75	19.88	30.25	12.85	11.53	0.00	0.57	0.00	0.19	16.07	3.02	8.88	12.29	3.97	0.38	0.00	0.00	0	0.00	0	0	0.00	0	0	0	21.17	0.19	24.20	529
3.760	3.77	19.93	26.05	10.27	14.45	0.00	0.76	0.00	0.19	15.59	2.28	10.27	13.50	6.46	0.19	0.00	0.00	0	0.00	0	0	0.00	0	0	0	23.76	0.19	26.05	526
3.780	3.79	19.97	26.68	6.53	9.33	0.00	0.19	0.00	0.00	19.96	2.80	8.96	17.91	6.53	1.12	0.00	0.00	0	0.00	0	0	0.00	0	0	0	26.87	0.00	29.66	536
3.800	3.81	20.02	23.80	6.34	13.87	0.00	0.86	0.34	0.00	19.52	3.60	9.25	13.87	8.22	0.17	0.17	0.00	0	0.00	0	0	0.00	0	0	0	23.12	0.34	26.71	584
3.820	3.83	20.06	27.60	9.80	11.16	0.00	0.45	0.00	0.00	20.81	4.07	7.99	10.71	7.24	0.15	0.00	0.00	0	0.00	0	0	0.00	0	0	0	18.70	0.00	22.78	663
3.860	3.87	20.15	20.14	10.68	16.81	0.00	0.35	0.18	0.00	19.96	1.05	9.11	12.26	9.11	0.35	0.00	0.00	0	0.00	0	0	0.00	0	0	0	21.37	0.18	22.42	571
3.880	3.89	20.20	25.60	15.03	19.67	0.00	1.48	0.00	0.37	14.66	0.56	8.53	8.35	5.19	0.19	0.37	0.00	0	0.00	0	0	0.00	0	0	0	16.88	0.37	17.44	539
3.900	3.91	20.24	30.96	9.62	17.88	0.00	0.58	0.00	0.19	15.00	1.73	8.65	11.15	4.23	0.00	0.00	0.00	0	0.00	0	0	0.00	0	0	0	19.81	0.19	21.54	520
3.920	3.93	20.29	31.18	7.38	20.30	0.00	0.74	0.00	0.00	12.92	1.66	7.93	11.62	5.90	0.00	0.37	0.00	0	0.00	0	0	0.00	0	0	0	19.56	0.00	21.22	542
3.940	3.95	20.33	26.00	9.95	13.09	0.00	1.05	0.00	0.00	19.20	4.01	9.25	11.52	5.93	0.00	0.00	0.00	0	0.00	0	0	0.00	0	0	0	20.77	0.00	24.78	573
3.960	3.97	20.38	25.18	5.66	14.60	0.00	0.36	0.00	0.00	14.78	3.28	14.60	15.33	5.84	0.36	0.00	0.00	0	0.00	0	0	0.00	0	0	0	29.93	0.00	33.21	548
3.980	3.99	20.43	25.14	7.13	14.63	0.00	1.13	0.00	0.00	15.01	3.56	11.63	13.70	7.69	0.38	0.00	0.00	0	0.00	0	0	0.00	0	0	0	25.33	0.00	28.89	533
4.000	4.01	20.47	34.59	7.40	16.16	0.00	0.60	0.00	0.00	12.84	1.81	9.37	11.33	5.59	0.15	0.15	0.00	0	0.00	0	0	0.00	0	0	0	20.69	0.00	22.51	662
4.040	4.05	20.56	24.53	8.35	11.07	0.00	0.17	0.17	0.00	19.42	1.53	12.10	14.82	6.64	1.19	0.00	0.00	0	0.00	0	0	0.00	0	0	0	26.92	0.17	28.45	587
4.080	4.09	20.65	28.00	8.24	12.24	0.00	0.94	0.00	0.00	19.06	1.88	11.76	9.41	8.00	0.47	0.00	0.00	0	0.00	0	0	0.00	0	0	0	21.18	0.00	23.06	425
4.100	4.11	20.71	28.18	9.11	11.68	0.00	0.86	0.00	0.00	18.56	3.44	10.82	11.68	4.98	0.69	0.00	0.00	0	0.00	0	0	0.00	0	0	0	22.51	0.00	25.95	582
4.120	4.13	20.78	32.96	8.94	11.92	0.00	0.74	0.00	0.19	20.48	1.86	5.77	9.12	7.26	0.56	0.19	0.00	0	0.00	0	0	0.00	0	0	0	14.90	0.19	16.76	537
4.160	4.17	20.92	34.74	7.58	12.17	0.00	1.06	0.00	0.00	18.52	2.65	8.82	8.99	5.29	0.18	0.00	0.00	0	0.00	0	0	0.00	0	0	0	17.81	0.00	20.46	567
4.200	4.21	21.06	31.82	13.64	11.28	0.00	1.85	0.00	0.17	13.13	2.36	11.11	8.92	5.56	0.17	0.00	0.00	0	0.00	0	0	0.00	0	0	0	20.03	0.17	22.39	594
4.220	4.23	21.13	35.00	9.42	13.08	0.00	1.73	0.00	0.00	20.19	1.35	5.77	8.46	4.42	0.58	0.00	0.00	0	0.00	0	0	0.00	0	0	0	14.23	0.00	15.58	520
4.260	4.27	21.27	38.77	7.68	14.20	0.00	0.96	0.00	0.00	13.24	2.50	6.72	9.60	5.95	0.38	0.00	0.00	0	0.00	0	0	0.00	0	0	0	16.31	0.00	18.81	521
4.280	4.29	21.34	40.62	6.01	12.02	0.00	1.68	0.00	0.00	12.26	3.37	9.38	7.93	6.49	0.24	0.00	0.00	0	0.00	0	0	0.00	0	0	0	17.31	0.00	20.67	416
4.320	4.33	21.48	26.29	10.11	15.07	0.00	1.29	0.18	0.18	14.71	2.39	9.74	11.40	7.17	1.10	0.37	0.00	0	0.00	0	0	0.00	0	0	0	21.14	0.37	23.53	544
4.340	4.35	21.54	30.18	7.37	15.26	0.00	0.88	0.00	0.00	14.56	1.05	9.82	11.23	8.77	0.88	0.00	0.00	0	0.00	0	0	0.00	0	0	0	21.05	0.00	22.11	570
4.360	4.37	21.61	28.26	8.35	13.02	0.00	0.49	0.25	0.00	14.99	1.97	10.32	13.76	7.86	0.74	0.00	0.00	0	0.00	0	0	0.00	0	0	0	24.08	0.25	26.04	407
4.390	4.40	21.72	31.86	11.83	12.78	0.00	0.95	0.16	0.00	11.04	1.74	8.04	12.30	8.83	0.47	0.00	0.00	0	0.00	0	0	0.00	0	0	0	20.35	0.16	22.08	634
4.400	4.41	21.75	29.10	12.37	16.72	0.00	0.84	0.00	0.00	13.21	2.17	7.53	10.37	7.02	0.50	0.00	0.17	0	0.00	0	0	0.00	0	0	0	17.89	0.00	20.07	598
4.420	4.43	21.82	30.63	8.61	15.40	0.00	0.66	0.17	0.00	11.42	1.49	9.11	12.75	9.60	0.17	0.00	0.00	0	0.00	0	0	0.00	0	0	0	21.85	0.17	23.34	604
4.460	4.47	21.95	30.56	13.37	14.76	0.00	1.56	0.17	0.00	12.33	1.04	9.38	9.38	7.47	0.00	0.00	0.00	0	0.00	0	0	0.00	0	0	0	18.75	0.17	19.79	576
4.500	4.51	22.08	31.24	13.75	10.81	0.00	1.57	0.00	0.00	9.63	1.38	10.61	11.59	9.23	0.20	0.00	0.00	0	0.00	0	0	0.00	0	0	0	22.20	0.00	23.58	509
4.540	4.55	22.21	23.55	11.07	16.17	0.00	2.28	0.00	0.18	14.24	2.11	9.31	7.91	12.48	0.53	0.18	0.00	0	0.00	0	0	0.00	0	0	0	17.22	0.18	19.33	569
4.560	4.57	22.27	17.36	15.58	14.60	0.00	1.38	0.20	0.00	15.78	3.55	11.05	11.64	8.88	0.00	0.00	0.00	0	0.00	0	0	0.00	0	0	0	22.68	0.20	26.23	507
4.580	4.59	22.34	16.42	10.94	16.04	0.00	0.38	0.57	0.00	11.13	3.02	12.45	16.98	11.89	0.19	0.00	0.00	0	0.00	0	0	0.00	0	0	0	29.43	0.57	32.45	530
4.600	4.61	22.40	21.18	10.42	17.19	0.00	0.87	0.00	0.00	17.36	4.69	9.90	10.76	6.42	1.22	0.00	0.00	0	0.00	0	0	0.00	0	0	0	20.66	0.00	25.35	576
4.620	4.63	22.47	23.50	9.47	15.30	0.00	0.55	0.00	0.00	10.56	4.74	14.39	14.75	6.19	0.36	0.18	0.00	0	0.00	0	0	0.00	0	0	0	29.14	0.00	33.88	549
4.660	4.67	22.60	19.56	9.18	19.56	0.00	2.20	0.20	0.00	13.37	1.20	13.97	12.97	7.58	0.00	0.20	0.00	0	0.00	0	0	0.00	0	0	0	26.95	0.20	28.14	501
4.700	4.71	22.73	29.01	11.83	13.36	0.00	1.34	0.00	0.00	16.79	2.10	8.02	9.73	7.63	0.19	0.00	0.00	0	0.00	0	0	0.00	0	0	0	17.75	0.00	19.85	524
4.720	4.73	22.79	37.82	12.28	11.09	0.00	1.58	0.00	0.00	10.69	1.39	8.32	9.70	6.73	0.40	0.00	0.00	0	0.00	0	0	0.00	0	0	0	18.02	0.00	19.41	505
4.740	4.75	22.86	32.21	11.93	13.92	0.00	1.59	0.20	0.00	12.33	0.40	6.76	8.55	11.53	0.40	0.20	0.00	0	0.00	0	0	0.00	0	0	0	15.31	0.20	15.71	503
4.780	4.79	22.99	33.60	11.26	15.02	0.00	2.57	0.20	0.00	12.65	2.57	6.72	8.89	6.52	0.00	0.00	0.00	0	0.00	0	0	0.00	0	0	0	15.61	0.20	18.18	506
4.800	4.81	23.05	26.74	9.47	12.13	0.00	1.33	0.00	0.00	13.95	1.66	10.47	11.30	12.46	0.33	0.17	0.00	0	0.00	0	0	0.00	0	0	0	21.76	0.00	23.42	602
4.820	4.83	23.12	33.52	11.11	13.11	0.00	0.73	0.00	0.18	11.11	4.37	9.65	8.93	6.92	0.36	0.00	0.00	0	0.00	0	0	0.00	0	0	0	18.58	0.18	22.95	549
4.840	4.85	23.18	27.63	9.33	12.95	0.00	0.52	0.00	0.00	13.30	3.45	9.84	13.47	9.15	0.35	0.00	0.00	0	0.00	0	0	0.00	0	0	0	23.32	0.00	26.77	579
4.860	4.87	23.25	31.84	9.71	12.43	0.00	0.39	0.00	0.00	18.06	4.47	8.74	9.13	4.47	0.78	0.00	0.00	0	0.00	0	0	0.00	0	0	0	17.86	0.00	22.33	515
4.890	4.90	23.35	29.68	13.60	16.08	0.00	0.53	0.00	0.00	11.13	1.94	8.30	12.72	6.01	0.00	0.00	0.00	0	0.00	0	0	0.00	0	0	0	21.02	0.00	22.97	566
4.900	4.91	23.38	27.86	18.42	15.02	0.00	0.62	0.00	0.00	11.92	2.48	8.82	9.75	5.11	0.00	0.00	0.00	0	0.00	0	0	0.00	0	0	0	18.58	0.00	21.05	646
4.940	4.95	23.46	28.49	11.83	12.54	0.00	0.72	0.00	0.00	13.08	1.97	12.01	11.83	7.35	0.18	0.00	0.00	0	0.00	0	0	0.00	0	0	0	23.84	0.00	25.81	558
4.980	4.99	23.54	30.34	8.78	14.89	0.00	0.95	0.00	0.00	13.36	1.91	10.88	12.60	6.30	0.00	0.00	0.00	0	0.00	0	0	0.00	0	0	0	23.47	0.00	25.38	524
5.000	5.01	23.58	24.17	8.33	11.50	0.00	0.67	0.17	0.00	11.50	2.00	15.67	17.83	7.83	0.17	0.17	0.00	0	0.00	0	0	0.00	0	0	0	33.50	0.17	35.50	600
5.020	5.03	23.62	33.87	8.38	11.41	0.00	0.36	0.00	0.00	12.30	1.96	13.37	11.94	6.42	0.00	0.00	0.00	0	0.00	0	0	0.00	0	0	0	25.31	0.00	27.27	561
5.060	5.07	23.70	29.60	11.38	15.76	0.00	0.70	0.00	0.00	11.03	1.93	12.61	9.63	7.18	0.18	0.00	0.00	0	0.00	0	0	0.00	0	0	0	22.24	0.00	24.17	571
5.100	5.11	23.78	30.39	9.54	10.25	0.00	1.41	0.00	0.18	15.37	3.36	9.54	12.19	7.77	0.00	0.00	0.00	0	0.00	0	0	0.00	0	0	0	21.73	0.18	25.09	566
5.140	5.15	23.86	34.66	10.65	10.11	0.00	1.08	0.00	0.00	13.00	4.69	7.40	11.37	6.86	0.00	0.18	0.00	0	0.00	0	0	0.00	0	0	0	18.77	0.00	23.47	554
5.180	5.19	23.94	34.19	10.05	10.79	0.00	0.55	0.00	0.00	17.37	3.84	5.48	10.60	6.76	0.00	0.37	0.00	0	0.00	0	0	0.00	0	0	0	16.09	0.00	19.93	547
5.200	5.21	23.98	28.34	10.14	12.90	0.00	0.92	0.23	0.00	12.90	2.76	10.37	14.52	6.45	0.23	0.23	0.00	0	0.00	0	0	0.00	0	0	0	24.88	0.23	27.65	434
5.220	5.23	24.02	28.49	12.10	13.04	0.00	2.42	0.00	0.00	12.66	3.54	9.87	10.99	6.52	0.37	0.00	0.00	0	0.00	0	0	0.00	0	0	0	20.86	0.00	24.39	537
5.240	5.25	24.06	32.50	10.83	15.09	0.00	2.32	0.00	0.00	10.64	1.55	10.83	9.86	6.00	0.39	0.00	0.00	0	0.00	0	0	0.00	0	0	0	20.70	0.00	22.24	517
5.260	5.27	24.10	38.54	10.08	15.42	0.00	3.16	0.59	0.00	9.49	0.40	7.51	9.88	4.94	0.00	0.00	0.00	0	0.00	0	0	0.00	0	0	0	17.39	0.59	17.79	506
5.280	5.29	24.14	39.67	10.52	22.14	0.00	4.06	0.00	0.00	7.56	0.18	5.72	5.90	3.87	0.18	0.18	0.00	0	0.00	0	0	0.00	0	0	0	11.62	0.00	11.81	542
5.300	5.31	24.18	40.63	10.22	15.33	0.00	3.89	0.00	0.00	10.95	0.97	6.08	5.84	5.35	0.73	0.00	0.00	0	0.00	0	0	0.00	0	0	0	11.92	0.00	12.90	411
5.320	5.33	24.22	46.40	10.04	13.45	0.00	4.73	0.00	0.00	7.39	0.19	4.17	5.68	7.58	0.38	0.00	0.00	0	0.00	0	0	0.00	0	0	0	9.85	0.00	10.04	528
5.350	5.36	24.28	37.76	8.91	14.05	0.00	3.78	0.30	0.00	11.78	1.21	6.50	7.40	7.70	0.45	0.15	0.00	0	0.00	0	0	0.00	0	0	0	13.90	0.30	15.11	662
5.380	5.39	24.38	32.71	10.05	13.12	0.00	1.02	0.00	0.17	13.29	3.24	9.71	9.37	7.33	0.00	0.00	0.00	0	0.00	0	0	0.00	0	0	0	19.08	0.17	22.32	587
5.400	5.41	24.42	31.78	9.96	10.59	0.00	0.21	0.00	0.00	11.23	3.18	11.23	14.41	6.78	0.21	0.42	0.00	0	0.00	0	0	0.00	0	0	0	25.64	0.00	28.81	472
5.420	5.43	24.70	36.41	8.38	9.57	0.00	0.85	0.00	0.00	12.99	2.05	10.94	10.77	8.03	0.00	0.00	0.00	0	0.00	0	0	0.00	0	0	0	21.71	0.00	23.76	585
5.440	5.45	24.83	36.45	9.85	12.56	0.00	0.74	0.00	0.00	9.11	2.71	9.85	12.32	6.40	0.00	0.00	0.00	0	0.00	0	0	0.00	0	0	0	22.17	0.00	24.88	406
5.460	5.47	25.00	37.03	10.15	12.78	0.00	1.13	0.00	0.00	8.65	3.95	9.77	11.84	4.51	0.00	0.19	0.00	0	0.00	0	0	0.00	0	0	0	21.62	0.00	25.56	532
