Event	Latitude	Longitude	Elevation [m]	Depth sed [m]	O. universa [%]	G. conglobatus [%]	G. ruber [%]	G. tenellus [%]	G. sacculifer [%]	S. dehiscens [%]	G. aequilateralis [%]	G. calida [%]	G. bulloides [%]	G. falconensis [%]	G. digitata [%]	G. rubescens [%]	G. quinqueloba [%]	N. pachyderma s [%]	N. pachyderma d [%]	N. dutertrei [%]	G. conglomerata [%]	G. hexagona [%]	P. obliquiloculata [%]	G. inflata [%]	G. truncatulinoides s [%]	G. truncatulinoides d [%]	G. crassaformis [%]	G. hirsuta [%]	G. scitula [%]	G. glutinata [%]
A15-558	8.983	51.733	-3985	0.980	0.4	0.0	13.3	0.0	2.0	0.0	1.6	1.2	19.5	5.5	0.0	3.9	0.4	0.0	0.8	18.4	0.0	0.4	7.0	0.0	0.0	1.2	2.3	0.4	21.9	0.0
A156-4	34.817	-74.683	-3100	7.500	0.3	0.6	28.8	1.3	9.1	0.3	2.8	0.0	5.6	5.0	0.0	4.7	5.6	0.0	2.5	6.6	0.0	0.0	2.2	6.6	1.3	0.0	0.0	0.6	16.3	0.0
A164-24	36.483	-69.000	-4389	0.750	1.3	1.9	10.3	0.0	7.7	0.0	1.9	0.0	4.5	0.6	0.0	0.6	0.0	1.3	6.4	14.7	0.0	0.6	0.0	36.5	1.3	1.3	0.6	0.0	7.1	1.3
A164-5	37.767	-71.250	-3329	1.710	0.3	0.3	7.4	1.7	1.1	0.0	0.9	0.0	7.1	0.3	0.0	0.6	2.6	15.4	10.9	8.0	0.0	0.0	0.3	30.0	0.6	0.9	0.3	0.6	10.9	0.0
A164-6	38.133	-69.867	-3676	1.090	1.6	0.0	3.8	0.0	0.5	0.0	0.5	0.0	14.6	0.5	0.0	0.0	1.1	28.6	19.5	3.2	0.0	0.0	0.0	17.3	0.0	0.5	0.0	0.0	8.1	0.0
A164-61	39.533	-68.783	-2725	1.000	1.0	0.0	4.3	0.8	2.0	0.0	0.8	0.0	14.3	1.0	0.0	1.5	3.3	13.3	11.2	10.7	0.0	0.0	0.3	29.1	0.3	0.0	0.0	0.3	5.9	0.0
A167-13	31.650	-75.350	-2880	1.400	1.0	0.3	27.1	1.9	2.5	0.0	1.9	2.2	4.8	1.9	0.0	1.6	0.0	0.0	1.9	6.7	0.0	0.0	0.0	23.9	2.2	3.2	0.6	3.2	13.1	0.0
A167-14	31.467	-76.467	-2633	1.000	0.6	0.0	29.4	4.0	0.0	0.0	2.5	5.3	3.7	1.5	0.3	1.5	0.0	0.0	0.0	1.5	0.0	0.0	0.0	23.2	1.2	7.7	0.0	4.6	12.4	0.3
A172-1	17.233	-73.467		0.400	0.4	0.0	56.1	0.6	9.5	0.0	2.5	0.0	1.9	0.0	0.0	2.5	0.4	0.0	0.2	10.5	0.0	0.0	0.0	2.5	1.1	1.5	0.0	1.5	8.8	0.0
A172-2	16.200	-72.317	-3070	0.600	0.2	0.5	44.1	1.7	10.8	0.0	2.6	0.0	1.7	0.0	0.0	4.5	0.5	0.0	0.5	9.9	0.0	0.0	0.0	8.5	0.0	0.7	0.0	1.2	12.7	0.0
A173-4	33.867	-62.533	-3932	0.720	0.3	0.6	9.2	0.3	2.1	0.0	0.0	1.2	4.4	1.5	0.3	0.0	0.0	0.3	3.6	10.4	0.0	0.0	0.0	52.7	4.4	3.0	0.6	0.3	2.7	2.4
A179-15	24.800	-75.933	-3109	1.490	0.9	0.5	48.7	13.8	2.6	0.0	9.1	1.4	0.2	0.7	0.5	1.6	0.0	0.0	0.0	0.9	0.0	0.0	0.0	2.3	0.5	4.4	0.0	0.0	11.9	0.0
A179-15	24.800	-75.933	-3109	1.620	0.9	0.6	52.9	10.9	4.7	0.0	3.5	0.3	0.5	1.5	0.0	1.7	0.0	0.0	0.0	2.0	0.0	0.0	0.0	2.9	0.2	3.2	0.8	1.1	12.7	0.0
A180-15	39.267	-36.700	-4610	0.600	0.4	0.0	10.3	0.0	0.7	0.0	0.3	0.0	9.6	1.0	0.0	0.3	0.7	6.3	16.3	12.1	0.0	0.0	0.0	33.1	0.1	0.7	0.0	1.3	4.9	1.3
A180-16	38.350	-32.483	-2268	0.700	0.0	0.0	4.4	0.3	0.6	0.0	0.3	0.3	17.2	4.1	0.0	0.9	10.3	0.9	13.8	6.6	0.0	0.0	0.0	14.1	0.3	0.9	0.0	8.5	16.3	0.0
A180-32	29.117	-26.250	-5200	0.600	0.0	0.3	35.5	1.8	1.5	0.0	1.8	0.6	2.1	12.1	0.3	0.6	0.0	0.6	1.8	3.6	0.0	0.0	0.0	21.0	1.2	9.5	2.4	0.3	2.7	0.6
A180-39	25.833	-19.300	-3470	0.300	0.7	0.0	8.5	0.2	0.9	0.0	2.4	0.2	17.4	6.7	0.4	0.2	1.7	1.1	13.5	29.6	0.0	0.0	0.0	11.5	0.0	0.7	0.4	0.4	3.5	0.0
A180-47	15.333	-17.933	-2195	3.500	1.0	0.0	10.7	3.3	1.5	0.0	1.0	2.0	55.0	1.0	0.5	0.0	2.0	0.3	0.5	11.5	0.0	0.0	0.0	5.9	0.0	0.0	0.3	0.3	3.3	0.0
A180-48	15.317	-18.100	-1450	5.290	0.3	0.0	38.8	1.2	5.8	0.0	0.9	1.2	31.3	0.0	0.0	0.6	0.0	0.3	0.9	6.7	0.0	0.0	0.0	6.7	0.0	0.0	0.3	0.3	4.9	0.0
A180-56	12.235	-17.767	-2597	1.000	1.1	0.0	15.4	0.2	5.5	0.0	2.6	0.7	44.1	1.1	0.0	1.3	0.4	0.0	6.1	11.4	0.0	0.0	0.0	2.9	0.2	0.2	1.3	1.1	4.4	0.0
A180-72	0.600	-21.783	-3841	0.460	0.3	0.6	5.3	0.0	5.6	0.0	0.0	0.3	2.8	0.6	0.0	0.3	0.0	1.4	4.7	45.6	0.0	0.0	0.0	14.2	0.0	10.8	1.7	0.0	6.1	0.0
A180-73	0.167	-23.000	-3749	0.600	0.7	0.2	13.3	0.0	11.0	0.0	1.1	0.7	1.4	0.9	0.0	2.1	0.0	0.5	4.1	36.8	0.0	0.0	0.2	4.8	0.0	7.4	1.4	0.2	13.1	0.0
A180-73	0.167	-23.000	-3749	0.600	1.4	0.0	8.1	0.4	8.1	0.0	0.0	1.1	0.7	1.4	0.0	0.4	0.0	0.0	2.1	48.4	0.0	0.0	0.0	6.0	0.0	10.2	2.5	0.0	9.5	0.0
A180-74	-0.050	-24.167	-3329	0.500	0.0	0.0	14.3	0.3	5.2	0.0	0.9	0.3	5.2	2.0	0.0	0.0	0.3	0.3	4.9	33.0	0.0	0.0	0.3	9.2	0.0	9.2	1.4	1.1	12.3	0.0
A180-76	-0.767	-26.033	-3512	0.600	0.4	0.0	13.5	0.0	10.6	0.0	0.8	0.4	0.8	0.0	0.0	0.4	0.0	0.0	1.2	46.5	0.0	0.0	0.0	6.9	0.0	7.8	1.6	0.0	9.0	0.0
A180-9	39.450	-45.950	-4060	0.600	0.3	0.0	3.8	0.0	0.3	0.0	0.3	0.3	13.5	0.3	0.0	0.0	2.6	17.6	20.9	16.3	0.0	0.0	0.3	20.4	0.0	0.0	0.0	0.5	2.8	0.0
ELT45.027-PC	-43.308	105.548	-3823	0.300	0.0	0.0	0.0	0.0	0.0	0.0	0.0	0.0	51.9	0.0	0.3	0.0	4.0	16.8	5.7	0.0	0.0	0.0	0.0	12.8	4.4	0.0	0.0	0.3	3.7	0.0
ELT45.029-PC	-44.877	106.518	-3867	0.390	0.0	0.0	0.0	0.0	0.0	0.0	0.0	0.0	45.7	0.5	0.0	0.0	1.4	27.6	4.5	0.0	0.0	0.0	0.0	16.7	2.3	0.0	0.0	0.0	1.4	0.0
ELT45.078-PC	-45.037	114.348	-4084	0.310	0.3	0.0	0.0	0.0	0.0	0.0	0.0	0.0	51.8	0.0	0.0	0.0	5.8	14.5	4.3	0.5	0.0	0.0	0.0	17.3	1.5	0.0	0.3	0.3	3.8	0.0
ELT48.003-PC	-41.020	100.012	-3982	0.220	0.3	0.0	0.0	0.0	0.0	0.0	0.0	0.0	58.4	0.3	0.0	0.0	8.1	7.0	3.4	1.3	0.0	0.0	0.0	13.8	1.3	0.0	0.0	0.0	6.0	0.0
ELT48.011-PC	-29.660	97.527	-3496	0.320	0.6	0.0	15.7	0.0	0.9	0.0	0.3	1.2	4.5	0.6	0.0	0.6	0.0	0.6	9.5	6.8	0.0	0.0	0.0	47.8	7.7	0.9	0.6	0.0	1.8	0.0
ELT48.022-PC	-39.895	85.410	-3410	0.820	0.0	0.0	0.0	0.0	0.0	0.0	0.0	0.0	42.3	0.0	0.0	0.0	8.0	10.8	17.6	2.6	0.0	0.0	0.0	6.3	2.3	0.0	0.0	0.6	9.7	0.0
ELT48.023-PC	-39.515	83.723	-3551	0.320	0.3	0.0	0.0	0.0	0.0	0.0	0.0	0.0	38.5	0.3	0.3	0.0	15.7	4.7	15.7	5.4	0.0	0.0	0.0	7.7	3.3	0.3	0.0	0.0	7.7	0.0
ELT48.027-PC	-38.542	79.898	-3312	0.620	0.7	0.0	0.0	0.0	0.0	0.0	0.0	0.0	37.2	0.0	0.0	0.0	9.7	9.7	18.1	7.4	0.0	0.0	0.0	7.4	2.7	0.3	0.0	0.0	6.7	0.0
EN066-10GGC	6.670	-21.900	-3527	0.305	0.5	0.0	36.0	1.4	17.3	0.0	2.2	1.4	3.6	1.4	1.1	0.8	0.0	0.0	4.9	10.7	0.0	0.3	0.3	2.7	0.0	2.2	3.0	0.3	9.9	0.0
GIK12392-1	25.172	-16.845	-2575	1.725	0.5	0.0	1.7	0.5	0.2	0.0	0.4	0.0	31.4	0.0	0.1	0.0	3.7	0.0	38.6	10.9	0.1	0.0	0.0	6.7	0.0	0.6	0.0	1.1	3.7	0.0
K708-001	50.000	-23.733	-4053	1.100	0.0	0.0	0.0	0.0	0.0	0.0	0.0	0.0	2.1	0.0	0.0	0.0	6.0	88.4	2.1	0.0	0.0	0.0	0.0	0.5	0.0	0.0	0.0	0.2	0.7	0.0
K708-004	49.983	-25.017	-3346	0.580	0.0	0.0	0.0	0.0	0.0	0.0	0.0	0.0	0.0	0.0	0.0	0.0	1.9	95.1	2.6	0.0	0.0	0.0	0.0	0.2	0.0	0.0	0.0	0.0	0.2	0.0
K708-006	51.550	-29.567	-2469	0.600	0.0	0.0	0.0	0.0	0.0	0.0	0.0	0.0	2.0	0.0	0.0	0.0	4.5	91.0	2.0	0.0	0.0	0.0	0.0	0.0	0.0	0.0	0.0	0.5	0.0	0.0
K708-007	53.933	-24.083	-3502	0.530	0.0	0.0	0.0	0.0	0.0	0.0	0.0	0.0	2.3	0.0	0.0	0.0	1.2	91.1	3.1	0.0	0.0	0.0	0.0	0.0	0.0	0.0	0.0	0.0	2.3	0.0
K708-008	52.733	-22.550	-4009	0.830	0.0	0.0	0.0	0.0	0.0	0.0	0.0	0.0	1.6	0.0	0.0	0.0	2.4	87.3	5.7	0.0	0.0	0.0	0.0	0.8	0.0	0.0	0.0	0.0	2.2	0.0
K714-3	57.486	-27.519		0.820	0.0	0.0	0.0	0.0	0.0	0.0	0.0	0.0	3.4	0.0	0.0	0.0	3.6	90.7	0.8	0.0	0.0	0.0	0.0	0.0	0.0	0.0	0.0	0.4	1.0	0.0
MD76-131	15.530	72.568	-1230	1.900	1.4	0.9	30.9	4.1	12.7	0.0	4.5	0.9	12.3	1.8	0.0	1.8	0.0	0.0	0.0	5.5	0.5	1.4	4.5	0.0	0.0	0.0	0.0	0.5	16.4	0.0
MD77-169	10.130	95.030	-2360	1.510	0.3	1.8	29.4	3.6	4.7	0.0	1.6	8.6	9.4	1.0	0.3	1.0	0.0	0.0	0.0	15.6	1.0	1.3	7.5	0.0	0.0	0.0	0.3	0.3	12.5	0.0
MD77-171	11.460	94.090	-1760	2.610	1.0	0.5	27.6	9.1	5.3	0.0	2.6	2.6	11.0	1.4	0.2	3.4	0.0	0.0	0.0	12.5	1.7	2.4	4.6	0.0	0.0	0.0	0.0	0.5	13.7	0.0
MD77-179	18.220	91.010	-1986	0.520	1.3	1.3	12.4	6.3	5.6	0.0	1.7	2.6	11.3	2.6	0.4	2.6	0.0	0.0	0.0	8.1	0.7	1.5	10.6	0.0	0.0	0.0	0.0	0.4	30.7	0.0
MD77-180	18.280	89.510	-1986	1.810	1.0	0.7	20.4	3.4	11.1	0.0	4.2	3.4	11.8	1.2	0.0	1.7	0.0	0.0	0.0	7.1	1.0	1.2	6.4	0.0	0.0	0.0	0.0	0.0	25.1	0.0
MD77-191	7.300	76.430	-1254	6.720	0.0	0.0	8.8	3.5	5.3	0.0	1.2	2.4	31.8	2.9	0.0	4.7	0.0	0.0	0.0	18.8	0.6	4.7	2.9	0.0	0.0	0.0	0.6	0.0	11.8	0.0
MD77-194	10.467	75.233	-1222	3.110	0.0	0.3	23.1	5.2	5.8	0.3	1.7	4.9	27.7	0.3	0.0	4.0	0.0	0.0	0.0	10.7	0.6	3.2	1.2	0.0	0.0	0.0	0.0	0.6	10.4	0.0
MD77-203	20.698	59.568	-2442	3.410	10.0	0.0	14.0	0.3	3.4	0.0	2.9	12.0	28.9	15.4	0.0	1.1	1.7	0.3	0.6	3.4	0.0	0.0	1.1	0.0	0.0	0.0	0.0	0.0	4.9	0.0
RC08-145	33.583	-62.380	-2743	0.350	0.5	0.0	16.2	1.9	1.1	0.0	1.3	1.1	21.5	2.1	0.3	0.3	1.1	0.5	7.7	10.1	0.0	0.0	0.3	16.2	1.1	1.3	0.0	5.1	9.6	0.8
RC08-18	-24.070	-15.120	-3977	0.200	1.0	0.8	34.5	6.3	7.6	0.0	4.6	0.8	2.5	4.8	1.0	4.6	0.0	1.3	0.5	0.3	0.0	0.0	0.0	11.2	1.5	1.8	0.5	1.5	11.7	1.3
RC08-39	-42.880	42.350	-4330	0.900	0.0	0.0	0.0	0.0	0.0	0.0	0.0	0.0	14.6	0.0	0.0	0.0	7.3	59.5	8.6	3.0	0.0	0.0	0.0	1.7	1.0	0.0	0.0	0.7	3.7	0.0
RC08-94	-17.280	-35.983	-4021	0.160	1.2	15.7	34.0	6.8	1.0	0.0	0.9	2.0	3.2	4.7	0.4	0.8	0.0	0.0	0.0	0.0	0.2	0.6	0.0	1.0	6.2	2.3	3.2	0.0	15.8	0.0
RC09-124	-28.750	172.600	-2540	0.400	0.5	3.3	10.0	1.0	1.4	0.0	3.3	0.9	11.9	20.8	0.2	0.0	0.5	0.0	11.8	1.3	0.0	0.0	0.1	16.8	2.9	0.3	7.4	0.1	4.5	1.1
RC09-126	-33.230	168.730	-2060	0.300	1.4	0.0	5.5	0.2	0.2	0.0	1.8	0.2	19.2	10.9	0.0	0.1	0.5	0.2	21.2	3.7	0.0	0.0	0.2	25.1	3.3	0.1	2.9	0.0	3.1	0.0
RC09-150	-31.280	114.550	-2703	0.600	0.0	1.0	10.1	1.0	1.7	0.0	1.0	3.7	9.1	1.7	0.0	3.7	0.0	0.0	0.0	2.7	0.0	0.0	0.0	36.7	2.7	0.0	0.0	4.7	18.5	1.7
RC09-161	19.567	59.600	-3332	1.800	3.9	0.0	19.2	2.6	1.6	0.0	1.0	3.3	21.2	11.1	0.0	2.0	2.6	0.0	0.0	6.8	0.0	0.3	1.6	0.0	0.0	0.0	0.0	1.3	21.5	0.0
RC09-162	19.083	60.417	-3092	0.500	3.6	0.0	14.5	0.7	8.7	0.0	2.5	1.8	24.6	4.0	0.0	2.5	0.0	0.0	0.0	15.2	0.0	0.4	4.0	0.0	0.0	0.0	0.0	0.0	17.4	0.0
RC09-225	54.983	-15.400	-2334	1.350	0.0	0.0	0.0	0.0	0.0	0.0	0.0	0.0	0.5	0.0	0.0	0.0	1.0	94.5	1.0	0.0	0.0	0.0	0.0	0.0	0.0	0.0	0.0	1.0	2.0	0.0
RC09-49	11.184	-58.585	-1851	0.700	0.2	1.6	41.8	0.5	18.2	0.0	4.8	0.9	4.1	1.4	0.7	3.4	0.0	1.8	0.5	3.4	0.0	0.0	0.0	0.2	0.2	2.5	1.4	1.1	11.0	0.0
RC09-49	11.184	-58.585	-1851	0.850	0.0	3.4	44.4	0.7	12.3	0.0	0.0	2.0	5.8	0.7	0.0	3.4	2.0	2.4	0.0	5.5	0.0	0.0	0.0	0.0	0.0	1.7	1.0	2.7	11.9	0.0
RC10-114	-11.180	-162.900	-2791	0.200	0.2	6.3	40.5	4.8	5.5	0.1	3.2	1.2	0.8	0.0	0.2	1.8	0.0	0.0	0.0	0.2	0.0	0.0	0.9	0.0	0.0	0.0	0.0	0.0	34.2	0.0
RC10-161	33.083	158.000	-3587	0.090	2.7	0.0	1.9	0.0	0.0	0.0	0.0	0.2	11.8	0.5	0.0	0.0	0.2	0.2	14.7	19.3	0.0	0.0	0.0	42.8	0.2	1.9	2.4	0.5	0.5	0.0
RC10-50	11.767	-81.100	-2072	1.000	0.6	3.9	48.7	0.0	7.1	0.0	8.7	0.0	0.3	0.6	0.3	1.9	0.0	0.0	0.0	4.5	0.0	0.0	0.0	2.3	0.0	4.2	1.0	0.3	15.2	0.3
RC10-62	3.333	-101.700	-3120	0.510	0.5	0.0	8.6	0.5	3.7	0.0	1.1	1.1	5.3	0.5	0.0	1.1	0.0	0.0	3.2	56.1	0.0	0.0	4.3	2.1	0.0	0.0	3.2	0.0	8.6	0.0
RC10-97	-0.917	-134.300	-4305	0.440	0.0	0.0	1.7	0.0	1.2	0.0	2.4	0.0	3.3	0.0	0.7	0.0	0.0	0.0	17.4	32.7	3.0	0.2	31.0	0.9	0.2	0.0	1.9	0.0	3.5	0.0
RC11-120	-43.520	79.867	-3193	0.840	0.0	0.0	0.0	0.0	0.0	0.0	0.0	0.0	28.1	0.0	0.0	0.0	0.7	55.0	8.9	0.7	0.0	0.0	0.0	3.6	1.7	0.0	0.0	0.0	1.3	0.0
RC11-121	-39.720	82.250	-3426	0.400	0.3	0.0	0.7	0.0	0.0	0.0	0.0	0.0	31.9	12.0	0.0	0.0	9.3	9.0	8.6	8.3	0.0	0.0	0.0	6.3	4.3	0.0	0.0	0.7	8.3	0.3
RC11-145	-25.480	110.020	-3869	0.500	0.5	0.5	12.1	0.5	4.1	0.0	0.8	0.5	9.3	0.3	0.3	2.5	0.0	0.0	0.3	2.7	0.0	0.0	0.3	48.5	0.5	1.4	0.0	0.3	14.0	0.5
RC11-147	-19.070	112.750	-1953	0.500	1.1	1.8	25.9	2.8	2.8	0.0	2.8	3.9	3.9	3.9	0.0	5.7	0.0	1.1	1.1	8.5	0.0	0.0	1.8	8.5	0.0	1.8	0.0	1.8	20.9	0.0
RC11-21	-17.270	-35.970	-4021	0.300	1.1	0.5	69.2	1.9	4.1	0.0	1.4	0.8	0.8	0.8	0.0	1.1	0.0	0.0	0.0	0.0	0.0	0.0	0.0	1.4	0.3	0.5	0.5	1.1	14.6	0.0
RC11-210	1.817	-140.100	-4420	0.400	0.5	0.0	4.1	0.5	2.6	0.0	1.5	0.5	4.6	0.5	0.5	1.5	0.0	0.0	7.7	28.6	2.0	0.5	24.0	0.5	0.0	0.0	19.4	0.0	0.5	0.0
RC11-213	-6.133	-140.900	-4343	0.150	0.2	2.8	15.7	5.5	7.2	0.0	4.4	0.6	9.1	0.3	0.3	1.6	0.0	0.0	0.5	6.6	8.0	0.5	10.8	0.0	0.0	0.0	0.9	0.0	25.1	0.0
RC11-220	-14.820	-140.000	-2950	0.300	0.2	1.5	45.8	7.6	6.1	0.1	1.9	1.7	1.8	0.2	0.0	2.1	0.0	0.0	0.0	0.1	0.4	0.7	0.2	0.0	0.0	0.0	0.1	0.0	29.5	0.1
RC11-230	-8.800	-110.800	-3259	0.450	1.0	2.7	14.7	0.2	6.7	0.0	1.8	0.5	8.0	0.0	0.2	0.5	0.2	0.0	9.3	15.0	3.5	3.4	4.8	0.3	0.0	0.0	0.2	0.0	27.2	0.0
RC11-26	-28.580	-30.070	-2349	0.300	1.5	2.2	43.3	1.5	2.2	0.0	4.0	1.5	3.5	5.2	0.2	2.0	0.0	0.2	2.7	0.5	0.0	0.0	0.0	10.2	8.2	1.7	1.2	1.2	5.0	1.7
RC11-86	-35.780	18.450	-2829	0.400	0.7	0.3	2.0	0.0	0.7	0.0	0.0	2.7	11.4	0.7	0.3	0.0	1.0	1.0	34.4	26.4	1.7	0.0	0.0	13.0	0.7	0.0	0.0	0.0	3.0	0.0
RC11-86	-35.780	18.450	-2829	0.450	0.5	0.0	2.0	0.0	1.2	0.0	3.0	0.5	7.4	2.7	0.0	0.5	1.0	4.2	27.8	28.5	0.0	0.0	0.0	16.1	0.7	0.0	0.7	0.0	2.7	0.2
RC12-107	-26.000	169.200	-3115	0.400	1.7	6.9	20.6	0.8	3.0	0.0	3.4	1.8	8.3	14.6	0.2	0.0	0.1	0.0	3.2	1.9	0.0	0.0	0.2	16.0	1.1	0.6	6.1	0.3	9.0	0.2
RC12-234	-55.150	-64.000	-2027	0.700	0.0	0.0	0.0	0.0	0.0	0.0	0.0	0.0	9.2	0.0	0.0	0.0	0.0	87.6	1.6	0.3	0.0	0.0	0.0	1.1	0.0	0.0	0.0	0.0	0.3	0.0
RC12-241	-43.470	-57.670	-3499	0.700	0.0	0.0	0.0	0.0	0.0	0.0	0.0	0.0	32.8	0.0	0.0	0.0	1.2	24.4	3.6	5.7	0.0	0.0	0.0	25.3	5.1	0.0	0.0	0.3	1.5	0.0
RC12-291	-42.580	-17.800	-3508	0.800	0.0	0.0	0.3	0.0	0.0	0.0	0.0	0.0	15.3	0.3	0.0	0.0	8.3	25.2	14.6	9.2	0.0	0.0	0.0	21.7	1.6	0.0	1.9	0.0	1.6	0.0
RC12-294	-37.270	-10.100	-3308	0.400	0.0	0.0	0.8	0.0	0.0	0.0	0.0	0.0	35.4	0.8	0.0	0.0	9.8	5.3	20.1	8.2	0.0	0.0	0.0	10.0	4.5	0.3	0.0	0.3	4.7	0.0
RC12-328	-3.950	60.600	-3087	0.300	0.9	0.6	31.5	1.5	5.2	0.3	7.3	2.8	6.1	1.2	0.9	1.2	0.0	0.0	0.0	16.8	0.6	1.5	3.4	0.0	0.0	0.0	3.7	1.8	12.5	0.0
RC12-339	9.133	90.033	-3010	0.800	0.8	0.4	14.6	0.4	5.0	0.0	2.1	1.3	15.8	1.3	0.8	4.2	0.0	0.0	0.0	27.9	0.8	1.3	5.0	0.0	0.0	0.0	0.0	0.0	18.3	0.0
RC12-340	12.700	90.017	-3012	0.700	3.4	2.0	22.9	7.6	3.2	0.2	3.4	5.2	2.2	0.0	0.0	2.0	0.0	0.0	0.0	16.3	1.0	2.0	7.4	0.0	0.0	0.0	0.7	0.0	20.4	0.0
RC12-341	13.050	89.583	-2988	0.600	2.0	2.2	17.4	11.5	2.8	0.0	3.3	3.3	3.0	1.3	0.2	3.0	0.0	0.0	0.0	12.6	1.7	3.7	4.1	0.0	0.0	0.0	0.4	0.2	27.3	0.0
RC12-343	15.167	90.567	-2666	0.600	0.6	2.4	20.9	7.6	6.7	0.0	2.1	1.5	3.3	0.9	0.0	0.9	0.0	0.0	0.0	9.7	0.6	0.9	6.7	0.0	0.0	0.0	0.0	0.0	35.2	0.0
RC12-344	12.767	96.067	-2140	2.900	0.4	0.7	44.9	3.9	4.6	0.0	6.0	3.5	6.3	2.1	0.0	3.9	0.0	0.0	0.4	8.8	2.1	2.1	6.3	0.0	0.0	0.0	0.0	0.0	4.2	0.0
RC12-361	15.100	124.130	-3528	0.200	0.6	12.0	42.4	2.5	16.9	1.9	3.3	1.9	5.5	0.5	0.5	0.6	0.0	0.0	0.0	2.5	0.0	0.0	1.1	0.0	0.0	0.6	0.6	0.0	6.3	0.0
RC13-110	-0.097	-95.650	-3231	0.540	0.0	0.0	3.7	0.0	0.3	0.0	0.3	0.3	9.6	0.3	0.0	0.0	0.6	0.0	0.6	69.8	0.0	0.0	0.0	6.2	0.0	0.0	4.3	1.9	2.2	0.0
RC13-113	-1.652	-103.600	-3195	0.500	0.6	0.0	2.3	0.0	0.8	0.0	0.8	0.0	5.8	0.2	0.0	0.2	0.0	0.0	37.9	35.8	0.4	0.4	1.7	8.8	0.0	0.0	1.7	0.0	2.8	0.0
RC13-115	-1.652	-104.800	-3621	0.610	0.7	0.3	5.1	0.0	1.4	0.0	1.4	0.3	8.8	0.3	0.0	0.0	0.0	0.0	4.7	59.7	0.7	0.3	3.4	7.5	0.0	0.0	2.4	0.0	3.1	0.0
RC13-151	15.857	-74.790	-2792	0.600	0.6	2.1	50.4	0.9	7.3	0.0	3.2	0.0	1.8	0.6	0.0	1.5	0.0	0.0	0.0	10.0	0.0	0.0	0.3	5.0	0.0	3.8	1.5	0.0	10.9	0.3
RC13-152	16.708	-75.440	-2027	0.600	2.0	3.0	65.1	1.0	5.0	0.0	3.7	0.0	1.0	0.0	0.0	1.0	0.0	0.0	0.0	3.0	0.0	0.0	0.0	3.0	0.3	1.7	0.7	0.0	9.4	0.0
RC13-153	15.065	-75.950	-3334	0.600	1.0	2.3	40.3	1.9	10.7	0.0	9.1	0.0	1.6	0.6	0.3	1.9	0.0	0.0	0.6	4.9	0.0	0.0	0.0	4.9	0.3	2.9	0.6	1.0	14.9	0.0
RC13-158	13.178	-79.830	-3016	0.800	3.0	1.0	53.1	4.0	4.0	0.0	5.0	0.0	1.7	0.7	0.0	2.0	0.0	0.0	0.3	7.3	0.0	0.0	0.3	1.7	0.3	2.6	0.3	0.0	12.9	0.0
RC13-159	14.695	-77.170	-4027	0.830	2.5	0.5	44.3	2.5	8.9	0.0	6.6	2.5	1.3	0.8	0.0	1.3	0.0	0.0	0.0	7.3	0.0	0.0	1.0	4.6	1.0	2.8	0.5	0.3	11.4	0.0
RC13-17	19.087	-170.100	-3374	0.300	1.3	21.2	18.6	0.0	4.5	25.6	0.6	0.6	3.8	0.0	1.9	0.0	0.0	0.0	0.6	1.9	0.6	0.6	1.9	3.8	3.2	3.2	5.1	0.0	0.6	0.0
RC13-184	3.860	-43.310	-3446	0.550	0.3	0.3	50.8	0.0	21.6	0.0	0.5	0.8	0.3	0.0	0.0	0.0	0.0	0.0	0.0	7.0	0.0	0.0	0.0	0.3	0.5	9.7	1.6	0.0	6.2	0.0
RC13-189	1.863	-30.000	-3233	0.675	1.5	0.3	25.3	0.3	8.0	0.0	1.5	0.9	2.4	0.3	0.9	0.9	0.0	0.0	4.2	21.4	0.0	0.0	0.0	3.6	0.0	8.3	7.4	0.0	12.8	0.0
RC13-197	4.517	-0.717	-2904	1.100	0.2	0.0	33.0	0.0	7.8	0.0	0.7	1.1	11.7	0.0	0.0	1.6	0.0	0.2	9.9	23.6	0.0	0.0	0.2	1.8	0.0	1.4	5.0	0.2	1.4	0.0
RC13-205	-2.288	5.183	-3731	0.500	2.8	0.0	17.1	0.9	8.9	0.0	0.3	0.6	3.1	2.8	0.0	1.5	0.0	0.3	4.0	35.2	0.0	0.0	0.3	8.0	0.0	0.0	4.6	1.2	8.6	0.0
RC13-210	-9.142	-10.610	-3658	0.400	1.9	0.8	23.8	0.3	14.9	0.0	1.6	1.1	3.3	2.2	0.0	0.5	0.0	0.0	0.0	21.4	0.0	0.0	0.0	12.2	0.0	3.0	5.1	0.8	7.0	0.0
RC13-227	-21.880	8.872	-4301	0.400	0.8	0.0	2.7	0.0	0.5	0.0	0.3	0.0	12.0	1.1	0.8	0.0	0.5	9.6	24.3	30.9	0.0	0.0	0.0	14.8	0.3	0.0	0.3	0.3	0.5	0.3
RC13-229	-25.490	11.307	-4191	0.800	1.2	0.0	0.6	0.0	0.3	0.0	0.3	0.6	11.7	0.6	0.0	0.0	0.0	3.2	27.9	39.9	0.0	0.0	0.0	10.6	0.3	0.0	0.0	0.6	1.2	1.2
RC13-81	-19.020	-124.200	-3751	0.100	0.2	11.3	40.8	2.3	5.1	0.1	2.2	1.0	2.0	0.0	0.2	0.2	0.0	0.0	0.0	0.2	1.9	0.4	0.8	0.0	0.1	0.1	0.8	0.0	30.3	0.0
RC14-29	-10.920	88.315	-2869	0.200	3.0	1.9	27.5	4.2	14.3	0.0	1.5	0.8	3.4	0.0	0.0	3.4	0.0	0.0	1.1	13.6	1.1	0.8	3.4	1.1	0.0	0.0	1.1	0.0	17.7	0.0
RC14-35	-0.833	89.950	-3021	0.350	0.8	0.8	27.5	0.0	12.0	0.0	2.7	3.5	8.5	0.4	0.0	2.3	0.0	0.0	0.0	10.5	5.4	1.2	10.1	0.0	0.0	0.0	1.9	0.0	12.4	0.0
RC14-37	-1.467	90.167	-2226	0.400	0.0	0.7	28.8	3.7	7.0	0.0	4.1	3.7	7.4	0.7	0.0	1.5	0.0	0.0	0.0	10.0	3.7	1.8	7.4	0.0	0.0	0.0	0.0	0.4	19.2	0.0
RC14-39	-5.857	90.520	-2952	0.700	0.5	1.6	17.5	0.5	6.8	0.0	3.7	1.2	11.2	1.4	0.9	1.6	0.0	0.0	0.0	22.2	3.0	2.6	11.0	0.0	0.0	0.0	0.5	0.2	13.6	0.0
RC14-7	-35.520	44.750	-3288	0.600	1.2	0.0	4.0	0.0	0.0	0.0	0.9	0.0	10.6	5.9	0.0	0.3	0.6	1.6	20.6	5.9	0.0	0.0	0.0	37.1	1.6	4.7	0.0	0.6	1.2	3.1
RC14-9	-39.020	47.883	-2692	0.700	0.3	0.0	1.1	0.0	0.0	0.0	0.3	0.0	25.7	0.6	0.0	0.3	8.6	5.7	33.7	7.7	0.0	0.0	0.0	11.7	1.7	0.0	0.0	0.0	2.0	0.6
RC15-93	-46.100	-13.230	-2714	1.020	0.0	0.0	0.0	0.0	0.0	0.0	0.0	0.0	20.8	0.0	0.0	0.0	14.2	52.4	2.8	0.0	0.0	0.0	0.0	5.7	1.3	0.0	0.3	0.3	2.2	0.0
RC15-94	-42.980	-20.860	-3762	1.200	0.0	0.0	0.0	0.0	0.0	0.0	0.0	0.0	4.9	0.0	0.0	0.0	0.9	46.4	16.9	4.0	0.0	0.0	0.0	23.8	1.3	0.0	0.0	0.0	1.8	0.0
RC17-113	15.033	66.097	-3874	0.300	4.5	0.0	29.3	0.3	9.4	0.0	0.0	2.1	4.2	3.5	0.7	1.0	0.0	0.0	0.0	7.7	0.7	2.1	15.7	0.0	0.0	0.0	0.0	0.3	18.5	0.0
RC17-69	-31.500	32.607	-3380	0.500	1.9	0.0	14.6	1.0	5.8	0.0	2.9	4.9	6.8	1.0	1.0	1.0	0.0	0.0	2.9	6.8	0.0	0.0	1.0	35.0	1.0	1.0	0.0	1.9	8.7	1.0
RC17-73	-32.110	36.010	-2021	0.200	1.8	0.5	15.4	0.5	3.4	0.0	2.9	4.9	13.5	0.5	0.0	0.5	0.3	0.3	4.4	4.7	0.0	0.0	0.0	29.7	0.5	0.0	0.0	4.4	9.9	1.8
RC17-98	-13.220	65.617	-3409	0.530	1.9	2.6	29.2	1.1	8.2	0.0	4.1	2.6	3.7	1.1	0.0	2.6	0.0	0.0	0.7	11.2	0.4	0.4	1.9	0.0	0.0	0.4	0.0	1.5	25.5	0.7
RC24-1	0.563	-13.650	-3850	0.720	0.8	0.0	11.2	0.0	6.3	0.0	2.1	0.8	3.7	0.8	0.0	0.5	0.5	0.3	8.6	28.7	0.0	0.0	0.3	22.5	0.0	4.2	2.9	0.3	5.7	0.0
RC24-16	-5.038	-10.190	-3543	0.750	5.4	0.3	11.8	0.0	11.0	0.0	3.1	0.8	7.7	3.6	0.3	0.0	0.0	0.5	3.1	22.8	0.0	0.0	0.3	20.5	0.0	1.3	4.3	0.0	3.6	0.0
RC24-27	-5.412	-0.363	-3718	0.720	4.3	0.0	27.1	0.3	15.2	0.0	1.8	0.9	2.7	0.0	0.3	0.0	0.0	0.3	4.0	21.9	0.0	0.0	1.5	12.2	0.0	0.0	3.0	0.3	4.3	0.0
RC24-7	-1.342	-11.920	-3899	1.200	0.5	0.0	5.1	0.0	1.4	0.0	0.0	0.5	8.9	0.3	0.0	0.0	0.0	0.0	8.6	28.9	0.0	0.0	0.3	31.4	0.0	4.6	3.0	0.0	6.5	0.0
RE010-002	56.983	-12.467	-2305	0.600	0.0	0.0	0.0	0.0	0.0	0.0	0.0	0.0	2.8	0.0	0.0	0.0	2.5	90.2	4.2	0.0	0.0	0.0	0.0	0.0	0.0	0.0	0.0	0.3	0.0	0.0
RE5-034	42.383	-21.967	-3750	0.400	0.4	0.0	2.2	0.0	0.0	0.0	0.0	0.2	22.6	2.2	0.0	0.0	7.1	9.3	13.7	16.0	0.0	0.0	0.0	11.3	0.0	0.2	0.0	6.7	8.0	0.0
RE5-036	46.917	-18.583	-4500	0.700	0.0	0.0	0.0	0.0	0.0	0.0	0.0	0.0	0.3	0.0	0.0	0.0	1.5	97.1	0.9	0.0	0.0	0.0	0.0	0.0	0.0	0.0	0.0	0.0	0.3	0.0
RE5-054	25.867	-19.050	-3295	0.100	0.5	0.0	7.9	0.8	0.0	0.0	1.6	0.5	18.6	0.0	0.0	0.0	0.5	0.5	23.2	9.8	0.0	0.0	0.0	15.8	0.0	11.5	0.3	1.4	6.8	0.0
RE5-057	19.600	-19.100	-2945	1.000	1.1	0.2	3.2	0.5	1.1	0.0	1.1	0.0	39.7	0.0	0.0	0.7	2.0	1.4	21.4	10.2	0.0	0.0	0.0	10.6	0.0	0.0	0.0	0.7	6.1	0.0
SP008-004	31.833	-18.267	-1445	0.300	0.6	0.0	14.8	0.0	0.5	0.0	0.5	1.1	24.2	7.5	0.0	0.0	0.0	0.3	9.7	5.9	0.0	0.0	0.0	25.6	0.5	5.4	0.0	0.5	3.0	0.0
V04-32	35.050	-11.620	-2296	0.300	1.2	0.0	6.2	1.4	2.4	0.0	1.0	4.3	10.7	12.9	0.0	0.5	5.5	0.5	11.2	8.6	0.0	0.0	0.0	6.9	0.7	1.0	0.0	9.5	15.0	0.7
V04-8	37.233	-33.130	-1697	0.500	0.0	0.0	3.5	1.7	0.0	0.0	0.6	0.5	15.8	12.2	0.6	0.6	7.9	0.6	9.0	10.1	0.0	0.0	0.0	9.0	0.8	1.4	0.5	8.4	16.5	0.0
V14-101	8.650	58.567	-2849	0.700	0.4	0.0	16.6	1.4	2.5	0.0	2.1	0.0	9.9	2.5	0.0	1.1	0.0	0.0	3.2	14.8	0.0	1.1	4.9	0.0	0.0	0.0	2.8	0.4	36.4	0.0
V14-101	8.650	58.567	-2849	0.700	0.4	0.0	16.6	1.4	2.5	0.0	2.1	0.0	9.9	2.5	0.0	1.1	0.0	0.0	3.2	14.8	0.0	1.1	4.9	0.0	0.0	0.0	2.8	0.4	36.4	0.0
V14-102	10.250	57.183	-3915	0.400	0.4	0.7	7.8	0.7	2.1	0.0	3.2	0.0	9.9	2.1	0.7	1.4	0.0	0.4	2.5	34.0	0.0	2.5	9.6	0.4	0.0	0.0	1.8	2.1	17.7	0.0
V14-77	-29.630	32.867	-1818	0.290	2.1	0.3	18.2	1.0	4.8	0.0	3.8	6.2	2.7	0.3	0.3	2.1	0.0	0.0	2.4	9.3	0.0	0.0	2.1	28.5	0.0	0.3	0.3	3.1	11.7	0.3
V14-81	-28.430	43.783	-3634	0.350	1.4	0.0	20.9	3.4	4.1	0.0	1.4	4.4	7.8	1.0	0.3	5.1	1.4	0.0	3.0	3.4	0.0	0.0	0.0	14.2	1.7	1.0	0.0	3.0	22.0	0.7
V15-157	-33.170	-49.780	-1123	0.500	0.7	2.0	25.0	0.2	2.3	0.0	0.2	0.5	7.0	2.3	0.2	0.5	0.2	0.2	1.6	11.8	0.0	0.0	0.9	20.0	0.7	9.1	0.0	1.8	10.5	2.3
V15-168	0.200	-39.900	-4219	1.420	0.0	2.2	21.7	0.3	23.9	0.0	0.0	1.0	1.3	0.0	0.0	1.0	0.0	0.0	0.0	27.1	0.0	0.0	0.0	1.0	0.0	13.4	3.5	0.3	3.5	0.0
V15-168	0.200	-39.900	-4219	1.600	0.0	0.5	32.8	0.0	17.5	0.0	1.4	0.7	0.7	0.2	0.0	0.5	0.0	0.0	0.2	18.2	0.0	0.0	0.0	1.2	0.2	9.2	2.6	0.5	13.7	0.0
V15-168	0.200	-39.900	-4219	1.630	0.6	1.1	23.6	0.6	14.0	0.0	1.7	1.7	0.6	1.1	0.0	1.1	0.6	0.0	1.1	38.2	0.0	0.0	0.0	1.1	0.0	5.1	1.1	0.6	6.2	0.0
V16-205	15.400	-43.400	-4043	0.190	0.5	2.7	45.4	3.2	17.6	0.2	1.8	2.0	0.0	0.9	0.0	2.7	0.0	0.0	0.0	5.0	0.0	0.0	0.0	0.7	0.2	2.9	0.9	0.7	12.6	0.0
V16-25	5.067	-36.800	-4254	0.530	0.3	0.0	35.7	0.6	37.3	0.3	0.3	0.3	0.0	0.0	0.6	1.3	0.0	0.0	0.0	14.0	0.0	2.5	1.0	0.3	0.0	2.5	1.9	0.0	1.0	0.0
V16-25	5.067	-36.800	-4254	0.550	0.6	0.8	34.6	0.0	35.8	0.0	3.4	0.3	0.8	0.6	1.1	1.1	0.0	0.0	0.8	11.5	0.6	0.8	0.6	0.8	0.0	2.5	0.0	0.0	3.1	0.0
V16-36	-19.370	-11.430	-3329	0.420	2.0	0.4	24.1	6.3	8.1	0.0	1.0	1.6	1.8	16.2	0.4	1.4	0.0	0.0	0.8	1.0	0.0	0.0	0.0	17.2	4.0	3.6	2.6	2.2	4.9	0.2
V17-165	32.750	-41.900	-3924	0.500	0.0	1.2	29.6	0.3	1.2	0.0	1.5	1.5	4.4	9.5	0.0	0.0	0.0	0.3	8.3	7.1	0.0	0.0	0.0	29.0	0.3	2.1	0.0	1.2	2.7	0.0
V17-39	11.750	-80.430	-3435	1.000	2.7	2.1	54.5	2.4	6.6	0.0	7.5	0.0	0.9	0.6	0.0	1.2	0.0	0.0	0.0	1.8	0.0	0.0	0.0	2.7	0.0	3.9	0.6	0.3	11.7	0.3
V18-110	-53.580	-44.700	-2610	0.300	0.0	0.0	0.0	0.0	0.0	0.0	0.0	0.0	1.0	0.0	0.0	0.0	0.0	97.3	0.0	0.3	0.0	0.0	0.0	1.0	0.0	0.0	0.0	0.3	0.0	0.0
V18-312	-2.850	-126.200	-4614	0.250	0.0	0.0	9.5	0.0	0.5	0.0	0.5	0.0	5.5	0.0	0.0	1.0	0.0	0.0	18.9	37.8	1.5	0.0	14.9	0.0	0.0	0.0	1.5	0.0	8.5	0.0
V18-318	3.167	-118.500	-4191	0.150	0.0	0.5	2.9	0.0	4.3	0.0	1.4	0.0	1.0	0.0	0.5	0.0	0.0	0.0	5.3	73.7	1.0	0.0	7.2	0.0	0.0	0.0	0.5	0.0	1.9	0.0
V18-357	15.033	-80.230	-1818	0.600	2.2	4.0	41.3	2.2	10.5	0.0	8.3	0.4	1.1	0.7	0.0	4.0	0.0	0.0	0.0	2.2	0.0	0.0	0.0	1.8	0.0	3.6	0.7	1.1	15.9	0.0
V19-178	8.117	73.250	-2188	0.400	0.4	0.4	20.7	5.6	4.8	0.0	1.1	3.0	11.1	0.4	0.0	3.3	0.0	0.0	0.0	12.2	2.2	3.7	1.9	0.0	0.0	0.0	1.1	1.9	26.3	0.0
V19-185	6.700	59.333	-2867	0.300	0.3	0.3	21.5	0.7	2.0	0.0	1.3	1.0	12.1	2.7	0.0	2.0	0.3	0.3	1.3	12.8	1.3	2.4	2.0	0.0	0.0	0.7	0.7	1.0	32.7	0.3
V19-188	6.867	60.667	-3356	0.500	0.9	0.3	22.0	1.6	2.2	0.0	4.1	1.3	11.6	0.9	0.0	3.5	0.9	0.3	4.4	16.4	0.9	3.5	6.0	0.0	0.0	0.0	2.5	1.3	14.8	0.6
V19-19	13.233	-78.370	-3760	0.800	1.4	1.0	62.2	1.0	7.7	0.0	5.6	0.0	0.7	1.0	0.3	2.4	0.0	0.0	0.0	3.8	0.0	0.0	0.3	2.1	0.3	1.4	0.7	0.0	7.3	0.3
V19-201	-5.333	40.433	-1864	0.700	0.7	0.7	27.3	0.7	3.7	0.0	3.0	2.2	5.9	1.5	0.7	5.5	0.0	0.0	3.3	17.0	0.0	0.7	4.1	0.4	0.0	0.0	2.2	0.7	19.6	0.0
V19-201	-5.333	40.433	-1864	0.700	0.7	0.7	27.3	0.7	3.7	0.0	3.0	2.2	5.9	1.5	0.7	5.5	0.0	0.0	3.3	17.0	0.0	0.7	4.1	0.4	0.0	0.0	2.2	0.7	19.6	0.0
V19-202	-6.983	41.183	-2589	0.300	2.6	2.2	22.3	2.2	5.5	0.4	4.7	2.6	9.9	1.5	0.4	3.6	0.0	0.0	3.6	9.9	0.4	0.7	2.6	0.0	0.0	0.4	0.0	0.7	24.1	0.0
V19-204	-10.230	43.817	-3524	0.300	1.1	2.8	31.8	0.7	3.2	0.0	1.4	1.8	7.4	1.1	0.0	0.0	0.0	0.0	3.9	14.5	0.0	0.7	4.9	0.4	0.0	1.1	1.1	0.0	22.3	0.0
V19-21	11.800	-79.070	-3168	0.600	2.2	2.9	46.9	2.9	8.7	0.0	10.2	0.0	1.1	0.7	0.0	1.8	0.0	0.0	0.4	5.8	0.0	0.0	0.0	2.2	1.1	1.5	0.0	0.0	11.6	0.0
V19-240	-30.580	13.283	-3103	0.600	1.3	0.0	2.1	0.0	0.0	0.0	2.4	0.3	12.2	5.8	0.0	0.3	2.1	2.7	40.1	15.4	0.0	0.0	0.0	9.8	2.7	0.0	0.0	0.0	2.1	0.8
V19-248	-24.570	4.833	-3321	0.270	2.7	0.0	6.4	3.2	0.2	0.0	2.2	1.7	10.8	3.9	0.0	1.2	2.0	0.5	6.4	21.9	0.0	0.0	0.0	20.0	4.7	1.0	0.0	2.0	8.4	0.7
V19-281	-3.317	4.650	-4566	0.500	3.1	0.0	23.3	0.0	7.8	0.0	1.6	0.6	13.0	0.9	0.0	0.0	0.0	0.6	5.9	14.6	0.0	0.0	0.9	17.4	0.0	0.0	1.9	2.2	6.2	0.0
V19-283	-1.283	5.533	-3442	0.790	2.4	0.0	29.3	0.2	5.6	0.4	1.1	1.3	4.1	0.4	0.0	0.4	0.2	0.0	5.6	26.7	0.0	0.0	0.9	11.3	0.0	0.2	5.6	1.1	3.0	0.0
V19-29	-3.583	-83.930	-3157	1.200	0.1	0.0	0.2	0.0	0.3	0.0	0.1	0.0	27.6	0.0	0.1	0.1	4.4	5.6	22.7	20.2	0.0	0.0	0.0	17.8	0.0	0.0	0.1	0.0	0.8	0.0
V19-29	-3.583	-83.930	-3157	1.200	0.6	0.0	0.2	0.0	0.3	0.0	0.8	0.8	24.2	0.0	0.1	0.1	3.2	2.5	9.4	37.3	0.0	0.0	0.1	18.3	0.0	0.0	0.4	0.0	1.9	0.0
V19-291	2.000	-5.250	-4956	0.800	1.4	0.2	40.6	0.0	7.3	0.0	1.4	0.0	5.4	0.0	0.0	0.2	0.0	0.2	2.8	27.8	0.0	0.0	0.2	4.2	0.0	0.5	1.9	0.5	5.2	0.0
V19-309	31.167	-45.130	-4544	0.310	1.1	0.0	28.8	0.5	1.3	0.0	1.3	0.3	8.4	4.3	0.0	0.0	0.5	0.3	7.8	0.8	0.0	0.0	0.0	34.2	0.8	3.2	0.3	0.3	5.7	0.0
V19-53	-17.020	-113.500	-3058	0.450	0.0	17.4	0.7	0.0	3.0	1.6	0.7	0.3	1.0	0.0	0.0	0.0	0.0	0.0	0.3	7.6	21.4	0.0	33.2	0.0	0.0	0.3	2.6	0.0	9.9	0.0
V19-55	-17.000	-114.200	-3177	0.230	0.1	3.9	26.6	2.8	6.1	0.1	2.1	0.7	4.3	0.0	0.1	0.8	0.0	0.0	0.0	1.6	5.3	0.2	5.7	0.3	0.0	0.0	0.2	0.0	39.4	0.0
V19-64	-16.930	-121.200	-3570	0.150	0.1	6.7	34.2	3.3	6.0	0.2	1.8	0.8	2.7	0.1	0.1	0.5	0.0	0.0	0.0	0.2	2.3	0.5	1.6	0.0	0.0	0.0	0.2	0.0	38.6	0.0
V19-65	-16.650	-124.400	-3867	0.150	0.1	6.8	36.4	0.8	5.1	0.5	2.0	1.1	1.3	0.0	0.1	0.3	0.0	0.0	0.0	0.6	3.5	0.8	2.5	0.1	0.0	0.1	0.4	0.0	37.4	0.0
V19-96	-0.867	172.000	-4252	0.150	0.0	3.2	10.2	0.4	10.6	0.0	4.2	0.0	11.6	0.0	0.0	0.0	0.0	0.0	0.7	14.4	0.7	0.0	30.6	0.0	0.0	0.0	1.4	0.0	12.0	0.0
V20-119	47.950	168.780	-2739	0.200	0.0	0.0	0.2	0.0	0.0	0.0	0.0	0.0	3.3	0.0	0.0	0.0	6.1	88.8	1.6	0.0	0.0	0.0	0.0	0.0	0.0	0.0	0.0	0.0	0.0	0.0
V20-170	-21.800	69.233	-2479	0.200	1.7	0.3	47.6	3.1	8.8	0.0	5.1	1.0	0.7	2.7	0.7	4.8	0.0	0.3	0.3	1.0	0.3	0.3	0.3	1.7	0.7	3.1	0.0	0.3	15.0	0.0
V20-175	-22.300	68.000	-3526	0.200	0.9	0.9	46.8	2.8	9.9	0.0	1.7	5.4	1.9	0.5	0.9	3.1	0.0	0.0	0.2	0.9	0.0	0.2	0.0	1.4	0.2	5.2	0.5	0.2	16.1	0.0
V20-212	-28.220	-10.030	-3523	0.200	2.6	0.6	21.6	3.7	1.2	0.0	1.7	1.4	2.0	12.7	0.9	2.3	0.0	0.9	1.7	2.0	0.0	0.0	0.0	17.0	8.1	1.2	0.3	4.9	10.7	2.6
V20-227	-4.233	-34.630	-3812	0.800	0.0	0.0	33.2	0.0	18.7	0.0	3.5	1.2	0.0	0.0	0.6	0.3	0.0	0.0	0.0	12.0	0.0	0.0	0.0	3.8	0.3	10.2	2.3	0.0	14.0	0.0
V20-228	-2.483	-36.420	-3676	0.610	0.2	0.0	52.4	1.1	20.7	0.0	2.9	0.4	0.2	1.3	0.0	0.7	0.0	0.0	0.7	10.4	0.0	0.0	0.4	0.0	0.0	0.2	1.5	0.2	6.6	0.0
V20-241	22.133	-41.500	-4372	0.300	0.8	0.8	55.1	6.0	6.3	0.0	4.2	1.3	0.5	1.6	0.5	3.7	0.0	0.3	0.0	0.5	0.0	0.0	0.5	0.3	1.6	3.1	0.3	2.4	10.2	0.0
V20-242	23.367	-43.650	-4565	0.290	0.0	1.3	57.0	6.7	5.3	0.0	4.5	1.1	0.5	1.9	0.3	2.1	0.0	0.0	0.0	0.3	0.0	0.0	0.0	0.5	0.5	1.6	0.8	0.3	14.7	0.5
V21-146	37.683	163.030	-3968	0.700	0.2	0.0	0.5	0.0	0.0	0.0	0.0	0.0	6.7	0.0	0.0	0.0	0.5	4.0	17.4	1.5	0.0	0.0	0.2	55.6	0.0	2.5	0.0	0.0	10.9	0.0
V21-30	-1.217	-89.680	-617	2.500	0.5	0.1	2.7	0.1	0.3	0.0	0.1	0.0	43.2	0.0	0.0	0.3	3.3	0.3	17.6	15.2	0.0	0.0	0.0	14.3	0.0	0.0	0.1	0.1	2.0	0.0
V21-33	-3.800	-92.080	-3726	0.450	0.3	0.0	0.3	0.0	0.2	0.0	0.2	0.0	12.8	0.0	0.0	0.0	0.0	0.0	11.2	47.6	0.0	0.0	0.7	20.3	0.0	0.0	0.2	0.0	6.2	0.0
V22-168	-17.470	-5.183	-4625	0.310	3.2	0.3	10.3	0.0	5.8	0.0	2.1	0.3	2.6	2.4	0.0	0.0	0.0	0.5	2.9	10.3	0.0	0.0	0.5	34.9	2.4	15.3	2.1	0.3	3.7	0.0
V22-171	-13.100	-9.333	-4155	0.200	0.6	0.6	29.5	1.4	4.8	0.0	2.5	2.5	1.7	13.9	0.3	1.7	0.0	0.0	2.3	7.1	0.0	0.0	0.0	8.5	0.3	3.7	2.5	1.7	14.4	0.0
V22-171	-13.100	-9.333	-4155	0.200	0.7	0.7	26.8	2.3	9.2	0.0	3.3	2.3	4.6	12.1	0.7	0.3	0.0	0.0	0.7	9.2	0.0	0.0	0.0	6.2	0.0	4.2	2.9	0.3	13.4	0.3
V22-172	-12.670	-9.817	-4127	0.200	0.4	1.2	27.0	2.2	8.7	0.0	2.0	2.0	2.0	12.6	0.4	0.6	0.3	0.0	0.1	10.3	0.0	0.0	0.3	10.7	0.7	4.4	3.8	0.9	9.1	0.1
V22-174	-10.070	-12.820	-2630	0.570	0.8	1.7	26.8	1.7	9.5	0.0	4.2	1.1	3.6	4.7	0.6	6.1	0.0	0.0	0.6	14.2	0.0	0.0	0.3	7.8	0.3	4.7	2.0	1.7	7.5	0.0
V22-174	-10.070	-12.820	-2630	0.570	0.8	1.7	26.8	1.7	9.5	0.0	4.2	1.1	3.6	4.7	0.6	6.1	0.0	0.0	0.6	14.2	0.0	0.0	0.3	7.8	0.3	4.7	2.0	1.7	7.5	0.0
V22-177	-7.750	-14.600	-3290	0.630	1.4	0.0	15.7	0.0	11.6	0.0	1.4	2.4	6.2	2.4	0.0	3.0	0.0	0.0	2.7	14.3	0.0	0.0	0.0	14.6	0.0	4.9	5.9	1.1	12.4	0.0
V22-177	-7.750	-14.600	-3290	0.700	2.3	0.2	23.0	0.2	14.4	0.0	3.7	0.9	2.3	0.0	0.2	2.1	0.0	0.0	3.0	21.2	0.0	0.0	0.5	10.7	0.0	4.0	2.1	1.6	7.4	0.0
V22-182	-0.533	-17.270	-3776	0.710	0.2	0.0	10.5	0.2	6.9	0.0	0.8	0.4	5.1	0.4	0.2	0.0	0.2	1.2	3.2	43.4	0.0	0.2	0.4	14.1	0.2	5.7	1.6	0.0	5.1	0.0
V22-182	-0.533	-17.270	-3776	0.720	0.6	0.0	12.9	0.3	4.1	0.0	0.0	0.9	6.5	0.6	0.0	0.0	0.0	1.2	7.4	36.2	0.0	0.0	0.0	9.4	0.0	5.6	4.7	0.0	9.7	0.0
V22-186	3.383	-20.120	-4471	0.300	0.4	0.8	7.8	0.0	18.4	0.0	1.2	1.2	0.0	0.0	0.8	0.8	0.0	0.0	2.9	51.4	0.0	0.0	0.0	11.0	0.0	0.8	2.4	0.0	0.0	0.0
V22-186	3.383	-20.120	-4471	0.300	0.3	2.2	13.0	0.0	24.9	0.0	3.8	0.0	0.0	1.1	1.4	0.0	0.0	0.3	4.1	36.0	0.0	0.0	0.5	6.8	0.3	0.8	3.3	0.0	1.4	0.0
V22-188	4.667	-20.920	-2600	0.300	0.5	0.5	32.4	1.3	16.8	0.0	3.2	2.1	2.9	1.6	0.3	4.5	0.0	0.5	1.1	12.9	0.0	0.0	0.0	1.6	0.0	0.8	0.8	2.4	13.9	0.0
V22-188	4.667	-20.920	-2600	0.300	0.6	1.3	29.1	0.9	12.7	0.0	1.6	1.6	3.2	3.2	1.3	4.4	0.0	0.0	0.6	18.0	0.0	0.0	0.0	5.1	0.0	1.9	1.6	3.8	9.2	0.0
V22-196	13.833	-18.970	-3728	0.700	0.3	0.0	13.2	0.3	4.1	0.0	0.5	0.0	14.7	1.6	0.3	0.5	0.0	0.0	7.8	21.4	0.0	0.0	0.0	32.8	0.0	0.0	1.0	0.5	1.0	0.0
V22-197	14.167	-18.580	-3167	0.720	2.2	0.0	18.5	0.0	1.5	0.0	1.5	0.0	35.8	3.7	0.0	0.0	0.0	0.3	7.1	13.0	0.0	0.0	0.6	6.2	0.0	0.0	1.9	0.9	6.8	0.0
V22-222	28.933	-43.650	-3197	0.580	3.1	0.9	41.2	5.7	0.7	0.2	5.9	5.0	2.0	5.3	0.0	1.8	0.0	0.0	0.4	0.7	0.0	0.0	0.0	7.9	0.0	0.0	0.0	3.9	9.9	0.0
V22-26	8.717	-41.250	-3720	0.400	1.0	1.0	40.5	0.3	19.5	0.0	2.3	2.8	2.0	0.5	0.5	0.3	0.0	0.3	1.0	12.5	0.0	0.3	0.0	2.0	0.3	5.0	2.5	1.0	4.8	0.0
V22-38	-9.550	-34.250	-3797	0.375	0.6	1.4	72.6	0.0	13.7	0.0	0.9	1.7	0.9	0.0	0.0	0.0	0.0	0.0	0.0	1.7	0.0	0.0	0.0	0.0	0.0	3.1	0.3	0.3	2.9	0.0
V22-38	-9.550	-34.250	-3797	0.400	0.7	0.7	74.4	0.9	11.5	0.0	0.7	0.7	0.0	0.0	0.0	0.4	0.0	0.0	0.0	0.4	0.0	0.0	0.0	0.0	0.0	1.8	0.9	0.0	7.0	0.0
V23-100	21.300	-22.680	-4579	0.420	1.2	0.0	6.6	0.6	4.2	0.0	2.7	0.6	10.3	1.8	0.0	0.0	0.9	1.2	11.8	35.3	0.0	0.0	0.0	13.9	0.6	1.2	0.3	0.0	6.6	0.0
V23-110	17.633	-45.870	-3746	0.260	1.1	2.2	49.2	1.9	20.1	0.0	2.2	2.7	0.0	0.8	0.0	1.4	0.0	0.0	0.0	1.4	0.0	0.0	0.3	0.3	0.0	2.5	0.5	0.0	13.5	0.0
V23-23	56.083	-44.550	-3292	0.850	0.0	0.0	0.0	0.0	0.0	0.0	0.0	0.0	5.1	0.0	0.0	0.0	4.2	83.8	4.5	0.0	0.0	0.0	0.0	0.3	0.0	0.0	0.0	0.0	2.1	0.0
V23-42	62.183	-27.930	-1514	0.700	0.0	0.0	0.0	0.0	0.4	0.0	0.0	0.0	1.5	0.0	0.0	0.0	3.3	90.7	3.3	0.0	0.0	0.0	0.0	0.0	0.0	0.0	0.0	0.0	0.7	0.0
V23-81	54.250	-16.830	-2393	2.950	0.0	0.0	0.0	0.0	0.0	0.0	0.0	0.0	3.5	0.0	0.0	0.0	4.3	89.3	1.4	0.6	0.0	0.0	0.0	0.3	0.0	0.0	0.0	0.6	0.0	0.0
V23-82	52.583	-21.930	-3974	1.100	0.0	0.0	0.0	0.0	0.0	0.0	0.0	0.0	0.4	0.0	0.0	0.0	0.9	97.4	0.9	0.2	0.0	0.0	0.0	0.0	0.0	0.0	0.0	0.0	0.2	0.0
V23-83	49.867	-24.250	-3871	0.990	0.0	0.0	0.0	0.0	0.0	0.0	0.0	0.0	0.4	0.0	0.0	0.0	0.7	96.4	1.8	0.4	0.0	0.0	0.0	0.0	0.0	0.0	0.0	0.2	0.0	0.0
V23-84	46.000	-16.920	-4513	0.810	0.0	0.0	0.3	0.0	0.0	0.0	0.0	0.0	10.3	0.0	0.0	0.0	0.0	79.7	3.4	0.3	0.0	0.0	0.0	3.1	0.0	0.0	0.0	0.0	2.7	0.0
V23-91	29.583	-28.570	-2758	0.300	1.1	1.1	16.5	1.9	0.5	0.0	5.2	2.5	5.5	17.6	0.8	1.4	0.0	0.0	1.4	4.4	0.0	0.0	0.0	17.0	3.3	5.8	1.1	3.3	8.8	0.8
V23-98	23.117	-19.300	-3506	0.700	0.7	0.0	1.3	0.0	0.0	0.0	0.7	1.3	27.3	3.0	0.7	0.0	1.6	0.7	21.4	32.6	0.0	0.0	0.0	5.9	0.0	1.0	0.0	0.0	2.0	0.0
V24-1	36.500	-73.500	-3012	2.650	3.0	0.0	7.1	0.0	1.4	0.0	0.3	0.3	13.5	0.0	0.0	0.7	1.7	0.3	12.5	30.4	0.0	0.0	0.7	23.3	0.0	0.7	0.3	0.0	3.7	0.0
V24-221	-32.030	-2.817	-4204	0.300	2.2	0.3	7.5	0.0	0.3	0.0	0.6	0.0	8.7	22.6	0.0	0.0	0.8	0.3	10.3	4.5	0.0	0.0	0.0	25.4	9.5	0.0	0.3	0.6	1.7	4.5
V24-229	-34.450	-10.600	-4202	0.300	0.0	0.0	4.3	0.0	0.0	0.0	0.0	0.0	17.9	15.8	0.0	0.0	1.8	0.0	21.6	6.7	0.0	0.0	0.0	17.3	8.5	0.0	0.3	0.6	1.5	3.6
V24-235	-33.250	-19.550	-3722	0.100	0.3	0.3	14.3	0.6	0.3	0.0	0.6	0.6	5.4	26.0	0.3	0.3	0.0	0.3	13.7	0.6	0.0	0.0	0.0	17.1	11.1	0.6	0.0	3.4	1.4	2.9
V24-237	-32.200	-26.733	-4193	0.100	0.3	0.0	17.6	0.3	0.6	0.0	0.9	0.0	0.6	6.8	0.0	0.0	0.0	0.6	29.8	15.2	0.0	0.0	0.0	14.9	7.1	0.0	0.0	1.5	0.6	3.3
V24-240	-31.730	-28.200	-4327	0.200	0.5	1.1	16.0	0.0	0.8	0.0	0.3	0.0	1.9	3.5	0.5	0.0	0.0	0.8	35.1	13.0	0.0	0.0	0.0	14.4	7.6	0.5	0.0	0.0	0.5	3.3
V24-28	15.317	-77.950	-2274	0.600	1.1	1.4	48.0	1.4	6.5	0.0	15.1	0.0	0.6	0.3	0.0	1.7	0.0	0.0	0.0	5.1	0.0	0.0	0.6	1.1	0.6	1.7	1.1	0.3	13.1	0.3
V25-42	12.550	-50.650	-4707	0.600	0.6	6.9	7.7	0.0	13.7	0.0	1.5	0.4	0.2	0.0	1.1	0.0	0.0	0.2	0.6	56.3	0.0	0.0	0.0	5.6	0.2	1.9	2.4	0.2	0.4	0.0
V25-44	11.500	-45.150	-4049	0.300	0.3	1.0	37.8	1.3	21.8	0.0	0.3	1.0	1.6	1.3	1.0	2.9	0.0	0.0	0.3	7.1	0.0	0.0	1.0	2.9	0.0	2.6	1.3	1.3	13.5	0.0
V25-56	-3.550	-35.230	-3512	0.800	1.1	0.0	36.8	0.0	18.9	0.0	3.2	0.0	0.0	0.0	0.0	2.1	0.0	0.0	0.0	8.4	0.0	0.0	0.0	0.0	0.0	5.3	3.2	1.1	20.0	0.0
V25-56	-3.550	-35.230	-3512	0.990	1.1	0.3	45.8	0.3	20.3	0.0	3.4	0.0	0.3	0.8	0.0	2.8	0.0	0.0	0.3	6.5	0.0	0.0	0.0	1.1	0.0	4.8	0.0	0.3	11.9	0.0
V25-59	1.367	-33.480	-3824	0.675	0.3	0.0	35.4	0.3	13.4	0.0	1.7	0.8	1.1	0.8	0.3	0.3	0.0	0.8	1.1	20.1	0.0	0.0	0.0	0.6	0.3	8.1	3.3	0.0	11.4	0.0
V25-59	1.367	-33.480	-3824	0.710	0.0	0.3	38.3	0.6	11.5	0.0	3.1	0.3	1.4	0.3	0.0	1.4	0.0	0.0	1.4	18.4	0.0	0.0	0.0	0.6	0.3	8.7	1.7	0.8	11.2	0.0
V25-60	3.283	-34.830	-3749	0.400	1.0	0.3	41.0	1.9	16.8	0.0	2.3	1.6	0.6	1.0	1.0	1.0	0.0	0.0	0.0	10.3	0.0	0.0	0.3	1.6	0.3	5.2	2.3	0.0	11.6	0.0
V25-60	3.283	-34.830	-3749	0.475	0.0	0.6	36.1	0.3	21.1	0.0	1.8	0.6	1.8	0.0	0.3	0.9	0.0	0.0	1.2	14.4	0.0	0.0	0.3	0.3	0.0	7.3	3.5	0.3	9.4	0.0
V25-75	8.583	-53.170	-2743	1.200	0.4	1.1	52.1	0.2	17.5	0.0	0.9	2.8	6.1	0.7	0.4	0.4	0.4	1.3	0.2	7.0	0.0	0.0	0.0	0.0	0.0	2.4	0.7	0.0	5.3	0.0
V26-104	-0.083	-41.780	-3864	1.500	0.0	1.9	34.9	0.2	19.0	0.0	1.2	0.2	0.4	0.6	0.0	2.5	0.0	0.0	0.0	12.8	0.0	0.0	0.0	0.6	0.2	8.9	0.0	0.0	16.7	0.0
V26-104	-0.083	-41.780	-3864	1.550	0.3	0.6	42.8	0.0	20.3	0.0	0.9	0.0	0.0	0.9	0.0	0.9	0.0	0.0	0.0	10.2	0.0	0.0	0.0	0.9	0.3	9.5	0.0	0.3	12.0	0.0
V26-107	4.683	-46.870	-3224	1.000	0.0	1.0	34.8	0.5	16.3	0.0	3.7	0.5	0.5	0.0	0.0	4.9	0.0	0.0	1.0	5.9	0.0	0.0	12.1	0.0	0.0	7.7	0.0	0.5	10.6	0.0
V26-41	19.333	-26.120	-4341	0.420	4.1	0.2	13.4	1.2	10.7	0.0	1.7	2.9	5.1	8.0	0.5	1.2	0.0	1.2	8.3	20.7	0.0	0.0	0.0	9.7	0.2	1.5	0.2	0.5	8.5	0.0
V26-41	19.333	-26.120	-4341	0.430	1.6	0.3	17.7	0.3	13.0	0.0	0.3	1.9	5.4	4.7	0.0	0.3	0.0	0.6	10.4	20.9	0.0	0.0	0.0	14.6	0.3	1.3	0.6	0.3	5.4	0.0
V26-46	9.567	-18.180	-2898	0.450	1.5	0.0	23.0	0.4	9.2	0.0	0.8	0.8	3.1	2.3	0.0	1.1	0.0	0.4	5.0	25.7	0.0	0.0	0.0	21.1	0.0	0.0	1.9	1.5	2.3	0.0
V26-46	9.567	-18.180	-2898	0.450	2.3	0.0	18.8	0.0	12.8	0.0	1.0	1.5	2.8	1.8	0.8	1.8	0.3	0.0	5.8	27.5	0.0	0.0	0.0	17.0	0.0	0.0	3.8	0.8	1.8	0.0
V26-53	0.300	-14.800	-4323	0.500	0.0	0.0	1.1	0.0	6.9	0.0	0.7	0.0	0.2	0.0	0.7	0.0	0.0	0.0	0.2	74.8	0.0	0.0	0.0	0.7	0.2	1.5	10.2	0.4	2.4	0.0
V26-63	-23.970	-37.950	-3619	0.300	0.0	0.2	54.1	2.7	3.7	0.0	0.5	0.5	2.7	2.2	0.5	1.0	0.0	0.0	0.0	0.7	0.0	0.0	0.0	8.4	1.7	2.0	0.0	1.0	17.1	0.7
V26-82	-27.770	-37.250	-3878	0.200	0.3	2.0	44.9	2.0	5.3	0.0	3.0	0.0	2.5	2.5	0.3	2.3	0.0	0.0	1.5	0.8	0.0	0.0	0.0	8.3	3.0	2.0	0.5	3.5	14.8	0.8
V27-110	56.900	-18.500	-1264	0.470	0.0	0.0	0.0	0.0	0.0	0.0	0.0	0.0	2.4	0.0	0.0	0.0	5.1	84.7	3.4	0.0	0.0	0.0	0.0	1.0	0.0	0.0	0.0	0.2	3.2	0.0
V27-116	52.833	-30.330	-3202	0.600	0.0	0.0	0.0	0.0	0.0	0.0	0.0	0.0	1.9	0.0	0.0	0.0	2.7	90.9	2.7	0.0	0.0	0.0	0.0	0.3	0.0	0.0	0.0	0.0	1.6	0.0
V27-137	42.700	-17.070	-4883	0.400	0.8	0.0	0.5	0.0	0.0	0.0	0.0	0.0	10.8	0.5	0.0	0.0	0.3	71.2	5.9	1.0	0.0	0.0	0.0	8.0	0.0	0.0	0.0	0.0	0.8	0.3
V27-17	50.100	-37.300	-2165	0.350	0.0	0.0	0.0	0.0	0.0	0.0	0.0	0.0	0.0	0.0	0.0	0.0	0.0	98.8	0.9	0.0	0.0	0.0	0.0	0.3	0.0	0.0	0.0	0.0	0.0	0.0
V27-175	8.800	-22.120	-4548	0.500	0.7	1.7	10.8	0.0	25.3	0.0	0.7	2.0	0.0	0.0	0.0	0.0	0.0	0.0	2.0	36.1	0.0	0.0	1.0	7.4	0.3	2.7	8.4	0.3	0.3	0.0
V27-178	5.100	-26.650	-4327	0.550	1.2	3.3	19.0	0.2	32.1	0.0	3.5	0.0	3.5	0.2	0.5	0.0	0.0	0.0	0.5	30.0	0.0	0.0	0.0	0.9	0.2	1.9	2.8	0.0	0.2	0.0
V27-178	5.100	-26.650	-4327	0.580	0.3	1.3	28.3	0.0	37.1	0.0	1.3	1.0	1.9	0.0	0.3	0.0	0.0	1.3	3.5	16.5	0.0	0.0	0.0	1.9	0.0	1.9	2.2	0.3	1.0	0.0
V27-19	52.100	-38.800	-3466	0.350	0.0	0.0	0.0	0.0	0.0	0.0	0.0	0.0	0.9	0.0	0.0	0.0	4.0	87.0	5.0	0.0	0.0	0.0	0.0	0.6	0.0	0.3	0.0	0.0	2.2	0.0
V27-20	54.000	-46.200	-3510	0.800	0.0	0.0	0.0	0.0	0.0	0.0	0.0	0.0	4.7	0.0	0.0	0.0	2.5	80.2	7.2	0.0	0.0	0.0	0.0	0.8	0.0	0.0	0.0	0.0	4.4	0.3
V27-228	-10.070	11.450	-2392	0.900	0.3	0.0	26.4	0.0	16.9	0.0	3.8	1.1	1.9	0.5	0.0	0.5	0.0	0.3	12.3	23.2	0.0	0.0	0.3	5.2	0.0	0.0	1.1	0.8	5.4	0.0
V27-232	-0.233	7.550	-2615	0.600	1.9	0.0	41.3	0.0	10.6	0.0	1.6	1.9	6.4	0.3	0.3	0.3	0.0	0.0	0.0	24.0	0.0	0.0	0.0	1.0	0.0	0.6	4.2	0.6	4.8	0.0
V27-239	-7.833	-1.517	-4464	0.200	3.8	0.0	4.9	0.0	7.7	0.0	0.8	0.5	5.5	0.5	0.3	0.3	0.0	0.0	1.6	44.5	0.0	0.0	0.5	20.9	0.0	0.3	5.5	0.3	1.9	0.0
V27-248	3.050	-11.820	-4543	0.820	2.2	1.1	25.1	0.5	15.8	0.0	0.0	0.0	0.0	0.0	0.0	1.1	0.0	0.0	4.9	24.6	0.0	0.0	0.0	6.0	0.0	0.0	10.9	0.0	7.7	0.0
V27-263	35.017	-40.920	-3704	0.200	1.4	0.3	12.1	0.0	0.3	0.0	1.7	0.3	13.0	12.7	0.0	0.3	0.9	0.6	8.9	7.8	0.0	0.0	0.0	19.9	0.3	0.9	0.6	7.2	11.0	0.0
V28-119	17.033	-76.600	-1781	0.800	1.4	2.7	51.1	3.0	5.9	0.0	8.6	0.0	0.5	0.3	0.3	1.6	0.0	0.3	0.3	2.7	0.0	0.0	0.0	3.0	0.3	3.2	1.9	0.5	12.4	0.0
V28-122	11.933	-78.680	-3623	1.000	2.7	2.0	62.2	4.1	5.4	0.0	4.4	0.0	1.0	0.0	0.3	1.0	0.0	0.3	0.0	2.7	0.0	0.0	0.0	4.1	0.0	3.7	0.7	0.0	5.1	0.0
V28-127	11.650	-80.130	-3237	1.000	1.7	0.7	54.7	0.2	12.5	0.0	5.8	0.0	0.2	0.2	0.0	0.0	0.0	0.0	0.0	4.6	0.0	0.0	0.0	0.7	0.5	4.1	1.0	0.0	13.2	0.0
V28-129	11.117	-80.400	-3400	0.800	5.5	2.6	45.3	4.9	7.5	0.0	7.5	0.0	0.3	0.3	0.0	0.0	0.0	0.0	0.3	7.5	0.0	0.0	0.0	1.6	0.3	4.9	0.7	0.0	10.7	0.0
V28-201	2.767	-173.900	-3217	0.200	0.0	3.2	23.2	2.0	7.2	0.1	3.5	1.2	15.6	0.0	0.0	5.7	0.0	0.0	0.0	0.4	1.0	0.0	9.1	0.0	0.0	0.0	0.1	0.0	27.5	0.0
V28-203	0.950	-179.400	-3243	0.400	0.2	1.2	29.1	1.4	7.9	0.0	4.9	0.5	9.6	0.1	0.1	1.1	0.0	0.0	0.0	5.0	2.4	0.0	14.8	0.0	0.0	0.0	1.2	0.1	20.2	0.0
V28-230	-5.500	166.750	-2992	0.200	0.0	1.7	39.3	1.1	7.9	0.0	2.2	1.8	7.9	0.1	0.1	1.6	0.0	0.0	0.0	6.1	0.1	0.1	2.9	0.0	0.0	0.2	0.4	0.4	26.0	0.0
V28-238	1.017	160.480	-3120	0.350	0.0	1.9	25.3	1.3	7.1	0.0	6.7	2.2	12.5	0.3	0.0	1.9	0.0	0.0	0.0	6.7	1.3	0.0	11.5	0.0	0.0	0.0	1.0	0.0	20.2	0.0
V28-239	3.250	159.180	-3490	0.300	0.0	2.4	20.2	0.7	4.8	0.0	7.9	1.7	10.3	0.0	0.0	0.7	0.0	0.0	0.0	10.3	1.7	0.0	17.8	0.0	0.0	0.3	1.7	0.3	19.2	0.0
V28-243	11.067	138.530	-2129	0.200	0.1	3.3	59.9	2.8	10.9	0.1	2.9	0.2	6.1	0.1	0.2	1.0	0.0	0.0	0.1	2.6	0.0	0.6	0.5	0.0	0.0	0.1	0.0	0.0	8.6	0.0
V28-294	28.433	139.970	-2308	0.040	1.3	0.2	18.1	1.3	4.4	0.0	2.0	0.3	12.3	13.8	0.3	0.2	0.1	0.2	12.0	4.1	0.0	0.0	1.2	8.5	0.2	6.9	3.4	0.9	8.3	0.0
V28-304	28.533	134.130	-2942	0.450	0.4	3.5	15.6	0.3	6.9	0.0	2.4	1.4	14.0	5.4	0.9	0.1	0.1	0.2	13.6	10.3	0.0	0.1	1.9	9.5	0.0	4.3	1.2	0.3	7.5	0.1
V28-310	25.417	125.630	-1579	0.400	0.2	1.8	17.0	7.4	1.0	0.0	0.3	7.2	8.1	0.9	0.7	4.6	0.1	0.0	0.2	5.0	0.0	0.0	5.0	0.1	0.0	0.7	0.3	0.0	39.0	0.0
V28-342	-14.100	120.500	-2730	0.900	0.5	0.2	27.0	2.9	3.9	0.0	2.9	4.8	8.4	1.2	0.2	4.8	0.0	0.0	0.0	16.9	0.0	0.0	3.1	0.0	0.0	0.5	0.5	1.7	20.5	0.0
V28-345	-17.670	117.950	-1904	0.900	0.3	0.3	26.7	3.8	2.5	0.0	1.9	1.9	9.8	4.4	0.0	2.9	0.3	0.0	0.0	12.1	0.0	0.0	3.2	2.5	0.0	2.9	0.6	1.9	21.9	0.0
V28-89	44.533	-32.580	-3643	0.720	0.0	0.0	1.2	0.0	0.0	0.0	0.2	0.0	4.9	0.6	0.0	0.0	5.3	77.9	4.9	0.2	0.0	0.0	0.0	2.2	0.0	0.0	0.0	0.8	1.8	0.0
V29-144	-0.200	6.050	-2685	0.850	0.5	0.0	23.7	1.3	2.1	0.0	1.1	0.3	5.0	0.0	0.0	1.1	0.0	0.3	5.8	23.9	0.0	0.0	0.0	19.7	0.0	0.8	5.3	0.8	8.4	0.0
V29-15	11.950	88.733	-3173	0.700	0.8	2.0	17.6	5.0	7.8	1.1	2.8	2.0	7.8	0.8	0.6	0.3	0.0	0.0	0.0	16.5	7.0	0.8	3.9	0.0	0.0	0.0	0.0	0.0	23.2	0.0
V29-172	33.700	-29.380	-3257	0.400	0.4	0.0	16.0	1.6	0.8	0.0	1.6	0.0	0.8	2.9	0.0	2.0	0.4	0.0	8.6	7.0	0.0	0.0	0.0	28.7	0.4	2.5	0.8	16.8	8.6	0.0
V29-173	33.700	-29.380	-3278	0.250	1.9	0.0	9.4	0.3	0.3	0.0	2.3	1.6	4.5	19.8	0.0	1.0	1.0	0.6	6.8	7.5	0.0	0.0	0.0	24.0	0.3	3.9	0.3	6.5	7.8	0.0
V29-174	36.300	-29.370	-3420	0.400	0.2	0.0	10.7	0.0	0.0	0.0	1.2	0.5	11.2	17.0	0.2	0.0	1.0	0.2	6.3	7.5	0.0	0.0	0.0	19.5	0.0	1.0	0.0	12.9	10.5	0.0
V29-177	41.533	-25.720	-3391	0.420	0.2	0.0	3.0	0.2	0.0	0.0	0.0	0.2	22.0	0.6	0.0	0.0	9.9	5.6	20.0	4.4	0.0	0.0	0.0	14.5	0.0	0.2	0.0	6.5	12.7	0.0
V29-178	42.850	-25.150	-3448	0.490	0.0	0.0	1.0	0.0	0.0	0.0	0.0	0.0	19.3	0.5	0.0	0.0	14.4	23.7	16.5	1.8	0.0	0.0	0.0	8.5	0.0	0.0	0.0	6.4	7.7	0.0
V29-179	44.017	-24.530	-3331	0.730	0.0	0.0	0.6	0.2	0.0	0.0	0.0	0.0	14.9	2.3	0.0	0.0	11.8	33.9	14.3	2.9	0.0	0.0	0.0	6.2	0.0	0.0	0.0	7.0	5.8	0.0
V29-180	45.300	-23.870	-3179	0.580	0.0	0.0	0.9	0.0	0.0	0.0	0.0	0.0	13.5	0.4	0.0	0.0	13.7	52.9	7.6	0.7	0.0	0.0	0.0	2.4	0.0	0.0	0.0	2.6	5.2	0.0
V29-29	5.117	77.583	-2673	0.800	1.2	0.3	9.5	1.8	3.4	0.0	1.8	1.5	22.5	1.5	0.3	1.5	0.0	0.0	0.0	28.0	0.3	1.8	6.2	0.0	0.0	0.0	0.3	0.3	17.5	0.0
V29-30	3.083	76.250	-3651	0.800	1.6	0.0	14.5	1.6	4.3	0.0	2.4	2.0	7.5	0.4	0.4	0.4	0.0	0.0	2.7	23.9	1.2	3.9	16.9	0.0	0.0	0.0	0.4	0.4	15.7	0.0
V29-30	3.083	76.250	-3651	0.800	1.7	0.0	14.2	1.7	4.2	0.0	2.5	2.1	7.5	0.4	0.4	0.4	0.0	0.0	2.9	23.8	1.3	3.8	16.7	0.0	0.0	0.0	0.4	0.4	15.5	0.0
V29-48	-6.267	63.433	-3882	0.300	0.4	3.9	20.6	0.9	9.4	0.0	2.6	1.7	5.2	0.0	0.9	0.4	0.0	0.0	3.9	26.6	1.3	3.0	6.0	0.0	0.0	0.9	3.0	1.7	7.7	0.0
V30-100	44.117	-32.500	-3519	0.650	0.3	0.0	0.0	0.0	0.0	0.0	0.0	0.0	21.4	0.8	0.0	0.0	12.4	36.7	11.1	1.3	0.0	0.0	0.0	4.7	0.0	0.0	0.0	4.1	7.2	0.0
V30-36	5.350	-27.320	-4245	0.400	0.0	3.1	33.8	0.3	35.1	0.0	3.7	0.6	2.2	0.0	0.0	0.3	0.3	0.3	1.5	11.7	0.0	0.0	0.9	0.3	0.0	1.5	1.5	0.0	2.8	0.0
V30-36	5.350	-27.320	-4245	0.400	0.0	2.2	38.5	0.0	34.4	0.0	0.6	1.7	1.9	0.0	0.4	0.2	0.0	0.0	1.5	11.0	0.0	0.0	0.0	3.0	0.0	3.2	0.9	0.0	0.2	0.0
V30-40	-0.200	-23.150	-3706	0.660	0.0	0.2	10.6	0.0	9.4	0.0	1.7	2.2	4.1	0.2	0.0	0.2	1.0	1.0	27.3	11.8	0.0	0.0	0.0	8.2	0.2	6.5	6.7	0.7	7.9	0.2
V30-41	0.217	-23.070	-3874	0.445	0.0	0.3	8.0	0.0	4.3	0.0	0.0	0.6	8.3	0.3	0.3	3.4	0.3	0.0	11.8	30.2	0.0	0.0	0.0	9.2	0.0	7.2	2.0	0.9	12.9	0.0
V30-49	18.433	-21.080	-3093	0.840	2.0	0.0	8.1	0.6	2.0	0.0	0.6	1.1	23.2	0.3	0.0	0.6	0.6	0.0	7.3	36.1	0.0	0.0	0.3	8.1	0.0	0.0	5.0	0.3	3.9	0.0
V30-51	19.867	-19.920	-3409	0.540	1.4	0.0	3.4	0.3	0.7	0.0	0.7	1.4	25.7	1.4	0.0	0.0	0.0	0.3	21.2	26.4	0.0	0.0	0.0	12.7	0.0	0.0	0.3	0.7	3.4	0.0
V30-96	39.950	-33.130	-3188	0.630	0.6	0.0	5.4	0.0	0.0	0.0	0.3	0.3	23.9	0.9	0.0	0.0	6.3	6.3	18.5	4.5	0.0	0.0	0.0	16.5	0.3	0.3	0.0	2.8	13.4	0.0
V30-97	41.000	-32.930	-3371	0.760	0.2	0.0	0.7	0.0	0.0	0.0	0.0	0.2	20.3	0.5	0.0	0.0	9.3	9.3	17.9	7.9	0.0	0.0	0.0	17.0	0.0	0.0	0.0	4.7	11.9	0.0
V30-99	43.150	-32.450	-3594	0.320	0.0	0.0	2.2	0.0	0.0	0.0	0.2	0.2	27.6	1.9	0.0	0.0	10.9	12.8	12.6	4.6	0.0	0.0	0.0	8.2	0.0	0.0	0.0	7.3	11.4	0.2
V32-126	35.318	177.920	-3870	0.250	1.4	0.0	1.7	0.0	0.0	0.0	0.6	0.0	27.7	0.0	0.3	0.0	1.4	1.2	31.2	2.6	0.0	0.0	0.0	27.2	0.0	2.1	0.0	0.2	2.6	0.0
V32-128	36.458	177.160	-3623	0.320	1.2	0.0	0.5	0.0	0.0	0.0	0.0	0.0	17.6	0.0	0.1	0.0	1.6	7.5	43.3	0.7	0.0	0.0	0.0	24.2	0.0	1.9	0.0	0.0	1.3	0.0
V32-139	31.573	151.100	-2032	0.010	1.5	0.8	5.3	0.0	0.8	0.0	0.8	0.0	7.6	1.3	0.3	0.0	0.0	0.0	10.1	3.8	0.0	0.0	0.8	59.7	1.3	3.8	1.5	0.8	0.0	0.3
V32-8	34.780	-32.420	-3252	0.760	1.7	0.0	13.2	0.7	0.5	0.0	1.2	3.0	8.2	8.5	0.0	0.2	0.0	0.0	3.7	9.2	0.0	0.0	0.0	24.4	0.5	1.7	1.0	13.7	8.2	0.2
V34-101	17.488	67.423	-3038	0.400	2.8	1.2	37.2	1.9	10.5	0.0	1.4	3.5	5.1	4.7	0.3	0.7	0.0	0.0	0.0	6.3	0.0	0.0	5.6	0.0	0.0	0.7	0.0	0.5	17.5	0.0
V34-109	19.733	66.083	-2742	0.800	6.1	0.3	30.9	1.8	9.8	0.0	2.6	4.7	5.8	10.0	0.0	1.3	0.0	0.0	0.0	6.1	0.0	0.3	4.5	0.0	0.0	0.8	0.0	0.0	15.0	0.0
V34-111	17.617	63.883	-3623	0.600	1.9	3.1	36.9	1.9	9.1	0.3	3.8	3.4	5.0	4.4	0.3	0.3	0.0	0.0	0.0	9.1	0.0	0.0	4.1	0.0	0.0	2.2	0.0	0.0	14.4	0.0
V34-87	13.273	57.348	-2144	1.000	1.6	0.0	19.2	1.0	2.2	0.0	1.2	3.4	25.0	12.5	0.0	2.0	0.0	0.0	0.0	10.3	0.0	0.2	2.2	0.0	0.0	0.6	0.2	0.6	17.7	0.0
V34-88	16.540	59.755	-2171	1.000	2.1	0.0	13.1	2.7	5.2	0.0	0.6	4.0	21.0	10.6	0.0	4.3	2.1	0.0	0.3	11.2	0.0	0.3	0.9	0.0	1.2	0.0	0.0	0.9	19.5	0.0
V34-91	20.937	64.033	-3393	0.700	1.6	0.6	33.0	1.0	7.0	0.0	3.5	2.5	16.8	4.4	0.3	0.6	0.0	0.3	0.0	13.0	0.0	0.3	4.1	0.0	0.0	1.3	0.0	0.0	9.5	0.0
V34-92	21.148	65.118	-3166	0.850	9.3	0.0	36.2	0.8	8.2	0.0	7.0	3.5	3.1	20.6	0.8	0.0	0.0	0.0	0.0	2.7	0.0	0.0	1.9	0.0	0.0	0.0	0.0	0.0	5.8	0.0
VNTR01-8PC	0.037	-110.480	-3791	0.410	1.2	0.0	3.2	0.2	2.1	0.0	0.7	0.0	5.8	0.5	0.0	0.0	0.0	0.0	10.9	55.7	0.5	0.0	1.6	4.8	0.0	1.4	9.7	0.2	1.6	0.0
Y69-106P	-2.983	-86.550	-2870	0.300	1.2	0.0	7.5	1.2	0.4	0.0	0.4	0.8	13.8	1.6	0.4	1.2	1.2	0.0	5.5	44.5	0.0	0.8	0.4	2.0	0.0	0.0	0.0	2.0	15.4	0.0
Y69-71P	0.100	-86.483	-2740	1.800	0.3	0.0	4.5	0.0	0.6	0.0	0.0	0.6	21.2	0.0	0.3	0.3	0.0	0.0	0.0	53.4	0.0	0.0	0.6	13.5	0.0	0.0	0.0	0.6	3.9	0.0
Y71-03-02	7.172	-85.152	-2164	0.200	0.8	0.0	13.4	0.0	0.8	0.0	2.9	0.0	14.7	0.0	0.0	0.0	0.0	0.0	0.0	48.3	0.0	0.8	0.8	0.0	0.0	0.0	0.4	0.0	16.8	0.0
Y71-06-12	-16.443	-77.563	-2734	0.490	0.6	0.0	2.1	0.0	0.0	0.0	0.2	0.0	13.5	0.2	0.2	0.0	2.3	17.6	7.4	20.1	0.0	1.5	0.2	30.2	0.0	0.0	0.0	1.1	3.2	0.0
Y71-09-101	-6.383	-106.935	-3175	0.630	0.4	0.0	8.7	0.0	4.9	0.0	1.1	1.9	5.7	0.0	0.4	0.0	0.0	0.0	0.0	58.1	0.0	0.0	2.3	3.8	0.0	0.0	1.1	0.0	11.7	0.0
